5.000 1.124
10.000 1.316
15.000 1.235
20.000 1.044
25.000 1.558
30.000 0.665
35.000 1.168
40.000 1.466
45.000 0.830
50.000 1.118
55.000 1.989
60.000 1.133
65.000 0.992
70.000 1.155
75.000 1.769
80.000 1.623
85.000 1.183
90.000 1.321
95.000 1.233
100.000 1.637
105.000 1.880
110.000 1.184
115.000 1.589
120.000 2.051
125.000 1.781
130.000 2.138
135.000 1.652
140.000 2.280
145.000 2.820
150.000 2.125
155.000 2.463
160.000 2.344
165.000 3.123
170.000 3.072
175.000 3.444
180.000 3.785
185.000 4.149
190.000 4.779
195.000 5.099
200.000 5.533
205.000 5.576
210.000 6.604
215.000 8.009
220.000 9.744
225.000 10.858
230.000 12.139
235.000 12.869
240.000 17.901
245.000 21.644
250.000 23.058
255.000 28.894
260.000 30.469
265.000 33.914
270.000 33.794
275.000 32.661
280.000 29.061
285.000 28.528
290.000 24.491
295.000 24.158
300.000 22.121
305.000 21.577
310.000 18.732
315.000 19.465
320.000 19.115
325.000 18.793
330.000 17.935
335.000 18.630
340.000 18.057
345.000 18.096
350.000 18.758
355.000 18.655
360.000 19.101
365.000 20.892
370.000 20.524
375.000 21.795
380.000 22.341
385.000 23.278
390.000 24.602
395.000 26.352
400.000 27.181
405.000 28.815
410.000 29.954
415.000 32.751
420.000 35.264
425.000 36.621
430.000 39.542
435.000 41.296
440.000 43.394
445.000 46.584
450.000 48.870
455.000 51.970
460.000 53.508
465.000 58.407
470.000 60.792
475.000 62.746
480.000 68.718
485.000 70.845
490.000 77.971
495.000 85.956
500.000 92.317
505.000 103.961
510.000 110.123
515.000 117.863
520.000 119.429
525.000 112.760
530.000 91.978
535.000 81.799
540.000 61.437
545.000 49.216
550.000 45.611
555.000 37.857
560.000 35.433
565.000 29.231
570.000 25.561
575.000 24.895
580.000 22.480
585.000 19.482
590.000 18.565
595.000 17.137
600.000 15.942
605.000 15.013
610.000 13.826
615.000 13.621
620.000 12.438
625.000 12.318
630.000 11.688
635.000 11.646
640.000 10.988
645.000 11.092
650.000 10.705
655.000 10.433
660.000 10.807
665.000 9.992
670.000 9.759
675.000 10.052
680.000 10.166
685.000 10.127
690.000 10.219
695.000 10.602
700.000 10.667
705.000 10.666
710.000 11.138
715.000 11.872
720.000 12.324
725.000 13.394
730.000 14.392
735.000 15.232
740.000 17.039
745.000 18.935
750.000 21.860
755.000 25.929
760.000 28.152
765.000 32.085
770.000 32.600
775.000 29.124
780.000 21.743
785.000 19.126
790.000 14.650
795.000 13.005
800.000 10.737
805.000 8.820
810.000 7.984
815.000 6.997
820.000 6.480
825.000 5.786
830.000 5.231
835.000 4.639
840.000 4.403
845.000 4.187
850.000 3.849
855.000 3.556
860.000 3.382
865.000 3.154
870.000 2.961
875.000 2.910
880.000 2.804
885.000 2.754
890.000 2.683
895.000 2.854
900.000 2.889
905.000 2.598
910.000 2.697
915.000 2.554
920.000 2.520
925.000 2.544
930.000 2.651
935.000 2.837
940.000 2.863
945.000 2.748
950.000 2.963
955.000 3.202
960.000 3.235
965.000 3.571
970.000 3.764
975.000 4.282
980.000 4.855
985.000 5.198
990.000 6.141
995.000 7.053
1000.000 8.359
1005.000 10.662
1010.000 11.924
1015.000 14.008
1020.000 14.298
1025.000 12.643
1030.000 9.564
1035.000 8.562
1040.000 6.795
1045.000 6.124
1050.000 5.106
1055.000 4.716
1060.000 4.275
1065.000 3.881
1070.000 3.637
1075.000 3.415
1080.000 3.160
1085.000 3.071
1090.000 2.898
1095.000 2.756
1100.000 2.664
1105.000 2.594
1110.000 2.580
1115.000 2.453
1120.000 2.394
1125.000 2.384
1130.000 2.321
1135.000 2.352
1140.000 2.342
1145.000 2.334
1150.000 2.376
1155.000 2.373
1160.000 2.400
1165.000 2.510
1170.000 2.651
1175.000 2.846
1180.000 3.028
1185.000 3.280
1190.000 3.928
1195.000 4.021
1200.000 4.530
1205.000 5.338
1210.000 5.707
1215.000 6.871
1220.000 8.078
1225.000 8.921
1230.000 10.996
1235.000 12.253
1240.000 15.545
1245.000 17.573
1250.000 22.905
1255.000 26.460
1260.000 32.629
1265.000 35.587
1270.000 33.591
1275.000 25.323
1280.000 21.684
1285.000 17.919
1290.000 15.040
1295.000 13.674
1300.000 12.025
1305.000 11.340
1310.000 10.335
1315.000 9.430
1320.000 8.946
1325.000 8.497
1330.000 8.237
1335.000 7.813
1340.000 7.519
1345.000 7.330
1350.000 7.110
1355.000 7.006
1360.000 6.855
1365.000 6.632
1370.000 6.725
1375.000 6.601
1380.000 6.659
1385.000 6.657
1390.000 6.723
1395.000 6.723
1400.000 6.831
1405.000 6.897
1410.000 7.046
1415.000 7.326
1420.000 7.474
1425.000 7.744
1430.000 8.065
1435.000 8.638
1440.000 9.203
1445.000 10.007
1450.000 10.498
1455.000 11.053
1460.000 12.379
1465.000 14.199
1470.000 15.273
1475.000 18.218
1480.000 20.063
1485.000 25.125
1490.000 31.754
1495.000 35.876
1500.000 41.806
1505.000 42.027
1510.000 35.297
1515.000 26.079
1520.000 22.944
1525.000 18.043
1530.000 15.030
1535.000 13.920
1540.000 12.251
1545.000 11.542
1550.000 10.438
1555.000 9.930
1560.000 9.207
1565.000 8.661
1570.000 8.426
1575.000 7.978
1580.000 7.840
1585.000 7.610
1590.000 7.401
1595.000 7.359
1600.000 7.283
1605.000 7.268
1610.000 7.227
1615.000 7.317
1620.000 7.369
1625.000 7.533
1630.000 7.597
1635.000 7.882
1640.000 8.235
1645.000 8.413
1650.000 8.849
1655.000 9.217
1660.000 9.923
1665.000 10.827
1670.000 11.362
1675.000 12.728
1680.000 13.564
1685.000 15.686
1690.000 18.661
1695.000 20.614
1700.000 25.674
1705.000 28.931
1710.000 36.917
1715.000 43.753
1720.000 44.346
1725.000 36.366
1730.000 30.522
1735.000 22.353
1740.000 17.482
1745.000 15.721
1750.000 13.103
1755.000 12.099
1760.000 10.430
1765.000 9.189
1770.000 8.663
1775.000 7.806
1780.000 7.430
1785.000 6.793
1790.000 6.254
1795.000 6.017
1800.000 5.623
1805.000 5.449
1810.000 5.103
1815.000 4.817
1820.000 4.675
1825.000 4.460
1830.000 4.343
1835.000 4.135
1840.000 4.070
1845.000 3.881
1850.000 3.749
1855.000 3.692
1860.000 3.566
1865.000 3.500
1870.000 3.376
1875.000 3.285
1880.000 3.248
1885.000 3.184
1890.000 3.112
1895.000 3.060
1900.000 3.000
1905.000 2.940
1910.000 2.903
1915.000 2.876
1920.000 2.840
1925.000 2.795
1930.000 2.772
1935.000 2.716
1940.000 2.702
1945.000 2.691
1950.000 2.664
1955.000 2.660
1960.000 2.618
1965.000 2.622
1970.000 2.597
1975.000 2.599
1980.000 2.593
1985.000 2.591
1990.000 2.588
1995.000 2.595
2000.000 2.597
2005.000 2.607
2010.000 2.635
2015.000 2.638
2020.000 2.662
2025.000 2.676
2030.000 2.699
2035.000 2.736
2040.000 2.767
2045.000 2.817
2050.000 2.864
2055.000 2.898
2060.000 2.954
2065.000 3.029
2070.000 3.091
2075.000 3.180
2080.000 3.227
2085.000 3.360
2090.000 3.403
2095.000 3.539
2100.000 3.714
2105.000 3.766
2110.000 3.956
2115.000 4.054
2120.000 4.257
2125.000 4.498
2130.000 4.648
2135.000 4.933
2140.000 5.088
2145.000 5.441
2150.000 5.849
2155.000 6.068
2160.000 6.550
2165.000 6.815
2170.000 7.426
2175.000 8.138
2180.000 8.545
2185.000 9.439
2190.000 9.968
2195.000 11.179
2200.000 12.602
2205.000 13.446
2210.000 15.435
2215.000 16.620
2220.000 19.448
2225.000 23.142
2230.000 25.432
2235.000 31.144
2240.000 34.796
2245.000 44.137
2250.000 57.043
2255.000 64.918
2260.000 82.145
2265.000 89.538
2270.000 94.427
2275.000 83.449
2280.000 76.000
2285.000 63.966
2290.000 59.517
2295.000 52.893
2300.000 48.500
2305.000 46.902
2310.000 44.640
2315.000 43.382
2320.000 43.048
2325.000 43.010
2330.000 43.231
2335.000 44.383
2340.000 45.137
2345.000 47.461
2350.000 50.746
2355.000 52.871
2360.000 58.088
2365.000 61.298
2370.000 69.134
2375.000 78.682
2380.000 83.859
2385.000 93.517
2390.000 96.864
2395.000 97.274
2400.000 88.026
2405.000 81.244
2410.000 67.668
2415.000 61.800
2420.000 52.108
2425.000 47.720
2430.000 41.459
2435.000 36.644
2440.000 34.647
2445.000 31.430
2450.000 30.058
2455.000 27.799
2460.000 25.943
2465.000 25.205
2470.000 23.937
2475.000 22.952
2480.000 22.538
2485.000 21.916
2490.000 21.687
2495.000 21.385
2500.000 21.245
2505.000 21.174
2510.000 21.339
2515.000 21.470
2520.000 21.904
2525.000 22.191
2530.000 22.936
2535.000 23.971
2540.000 24.637
2545.000 26.166
2550.000 27.081
2555.000 29.430
2560.000 32.423
2565.000 34.178
2570.000 38.743
2575.000 41.535
2580.000 48.372
2585.000 57.256
2590.000 62.411
2595.000 72.958
2600.000 79.907
2605.000 79.906
2610.000 71.520
2615.000 64.922
2620.000 52.449
2625.000 47.375
2630.000 39.376
2635.000 33.578
2640.000 31.297
2645.000 27.557
2650.000 26.025
2655.000 23.518
2660.000 21.516
2665.000 20.710
2670.000 19.283
2675.000 18.684
2680.000 17.660
2685.000 16.849
2690.000 16.485
2695.000 15.909
2700.000 15.664
2705.000 15.293
2710.000 15.031
2715.000 14.938
2720.000 14.831
2725.000 14.809
2730.000 14.843
2735.000 14.903
2740.000 15.107
2745.000 15.447
2750.000 15.674
2755.000 16.176
2760.000 16.515
2765.000 17.297
2770.000 18.373
2775.000 18.919
2780.000 20.421
2785.000 21.304
2790.000 23.483
2795.000 26.351
2800.000 28.133
2805.000 32.557
2810.000 35.321
2815.000 42.169
2820.000 50.692
2825.000 55.153
2830.000 61.719
2835.000 62.106
2840.000 55.009
2845.000 43.405
2850.000 38.463
2855.000 30.878
2860.000 25.604
2865.000 23.568
2870.000 20.318
2875.000 18.989
2880.000 16.878
2885.000 16.003
2890.000 14.544
2895.000 13.392
2900.000 12.888
2905.000 12.049
2910.000 11.686
2915.000 11.098
2920.000 10.614
2925.000 10.446
2930.000 10.092
2935.000 9.964
2940.000 9.765
2945.000 9.656
2950.000 9.613
2955.000 9.590
2960.000 9.600
2965.000 9.687
2970.000 9.882
2975.000 9.986
2980.000 10.275
2985.000 10.483
2990.000 10.933
2995.000 11.593
3000.000 11.919
3005.000 12.753
3010.000 13.280
3015.000 14.644
3020.000 16.479
3025.000 17.529
3030.000 20.175
3035.000 21.811
3040.000 26.078
3045.000 31.865
3050.000 35.422
3055.000 43.118
3060.000 46.502
3065.000 48.594
3070.000 41.682
3075.000 36.712
3080.000 28.625
3085.000 25.634
3090.000 21.131
3095.000 18.010
3100.000 16.781
3105.000 14.798
3110.000 13.312
3115.000 12.673
3120.000 11.659
3125.000 10.832
3130.000 10.499
3135.000 10.176
3140.000 9.673
3145.000 9.257
3150.000 9.091
3155.000 8.809
3160.000 8.682
3165.000 8.502
3170.000 8.370
3175.000 8.344
3180.000 8.312
3185.000 8.324
3190.000 8.380
3195.000 8.491
3200.000 8.567
3205.000 8.784
3210.000 8.923
3215.000 9.265
3220.000 9.727
3225.000 10.000
3230.000 10.654
3235.000 11.048
3240.000 12.037
3245.000 13.328
3250.000 14.105
3255.000 16.102
3260.000 17.375
3265.000 20.599
3270.000 25.011
3275.000 27.712
3280.000 33.437
3285.000 35.767
3290.000 36.174
3295.000 29.567
3300.000 25.582
3305.000 19.538
3310.000 17.360
3315.000 13.967
3320.000 12.770
3325.000 10.891
3330.000 9.512
3335.000 8.968
3340.000 8.049
3345.000 7.673
3350.000 7.037
3355.000 6.550
3360.000 6.138
3365.000 5.983
3370.000 5.848
3375.000 5.599
3380.000 5.435
3385.000 5.365
3390.000 5.264
3395.000 5.254
3400.000 5.225
3405.000 5.260
3410.000 5.288
3415.000 5.414
3420.000 5.487
3425.000 5.712
3430.000 6.008
3435.000 6.201
3440.000 6.630
3445.000 6.921
3450.000 7.613
3455.000 8.542
3460.000 9.126
3465.000 10.611
3470.000 12.675
3475.000 14.009
3480.000 17.361
3485.000 19.337
3490.000 23.045
3495.000 24.035
3500.000 22.294
3505.000 17.181
3510.000 14.986
3515.000 11.809
3520.000 10.647
3525.000 8.916
3530.000 7.690
3535.000 7.200
3540.000 6.430
3545.000 6.130
3550.000 5.603
3555.000 5.203
3560.000 5.040
3565.000 4.755
3570.000 4.555
3575.000 4.473
3580.000 4.334
3585.000 4.282
3590.000 4.222
3595.000 4.214
3600.000 4.227
3605.000 4.296
3610.000 4.329
3615.000 4.509
3620.000 4.745
3625.000 4.905
3630.000 5.340
3635.000 5.610
3640.000 6.326
3645.000 6.781
3650.000 7.807
3655.000 8.622
3660.000 8.654
3665.000 7.313
3670.000 6.160
3675.000 4.115
3680.000 2.855
3685.000 2.416
3690.000 1.752
3695.000 1.505
3700.000 1.115
3705.000 0.835
3710.000 0.713
3715.000 0.512
3720.000 0.437
3725.000 0.322
3730.000 0.211
3735.000 0.175
3740.000 0.121
3745.000 0.120
3750.000 0.131
3755.000 0.154
3760.000 0.172
3765.000 0.216
3770.000 0.229
3775.000 0.257
3780.000 0.286
3785.000 0.308
3790.000 0.318
3795.000 0.341
3800.000 0.354
3805.000 0.375
3810.000 0.378
3815.000 0.390
3820.000 0.407
3825.000 0.411
3830.000 0.428
3835.000 0.446
3840.000 0.437
3845.000 0.444
3850.000 0.458
3855.000 0.471
3860.000 0.454
3865.000 0.479
3870.000 0.486
3875.000 0.488
3880.000 0.497
3885.000 0.496
3890.000 0.501
3895.000 0.502
3900.000 0.515
3905.000 0.506
3910.000 0.516
3915.000 0.519
3920.000 0.519
3925.000 0.532
3930.000 0.527
3935.000 0.533
3940.000 0.532
3945.000 0.524
3950.000 0.534
3955.000 0.531
3960.000 0.534
3965.000 0.541
3970.000 0.533
3975.000 0.536
3980.000 0.542
3985.000 0.548
3990.000 0.548
3995.000 0.548
4000.000 0.554
4005.000 0.556
4010.000 0.546
4015.000 0.552
4020.000 0.560
4025.000 0.550
4030.000 0.556
4035.000 0.543
4040.000 0.556
4045.000 0.556
4050.000 0.558
4055.000 0.564
4060.000 0.560
4065.000 0.552
4070.000 0.561
4075.000 0.558
4080.000 0.567
4085.000 0.563
4090.000 0.566
4095.000 0.553
4100.000 0.570
4105.000 0.560
4110.000 0.548
4115.000 0.561
4120.000 0.559
4125.000 0.562
4130.000 0.574
4135.000 0.551
4140.000 0.560
4145.000 0.551
4150.000 0.561
4155.000 0.558
4160.000 0.551
4165.000 0.553
4170.000 0.546
4175.000 0.541
4180.000 0.554
4185.000 0.550
4190.000 0.542
4195.000 0.528
4200.000 0.533
4205.000 0.533
4210.000 0.526
4215.000 0.518
4220.000 0.527
4225.000 0.511
4230.000 0.518
4235.000 0.509
4240.000 0.507
4245.000 0.497
4250.000 0.494
4255.000 0.489
4260.000 0.480
4265.000 0.479
4270.000 0.470
4275.000 0.467
4280.000 0.454
4285.000 0.449
4290.000 0.434
4295.000 0.425
4300.000 0.408
4305.000 0.405
4310.000 0.383
4315.000 0.372
4320.000 0.366
4325.000 0.347
4330.000 0.331
4335.000 0.311
4340.000 0.284
4345.000 0.265
4350.000 0.237
4355.000 0.232
4360.000 0.188
4365.000 0.157
4370.000 0.152
4375.000 0.142
4380.000 0.156
4385.000 0.176
4390.000 0.238
4395.000 0.274
4400.000 0.370
4405.000 0.421
4410.000 0.557
4415.000 0.724
4420.000 0.818
4425.000 1.032
4430.000 1.149
4435.000 1.451
4440.000 1.818
4445.000 2.041
4450.000 2.551
4455.000 2.859
4460.000 3.619
4465.000 4.627
4470.000 5.249
4475.000 6.843
4480.000 7.863
4485.000 10.583
4490.000 14.600
4495.000 17.306
4500.000 24.590
4505.000 34.986
4510.000 39.971
4515.000 43.845
4520.000 44.564
4525.000 38.976
4530.000 36.618
4535.000 33.602
4540.000 32.769
4545.000 32.168
4550.000 32.776
4555.000 33.490
4560.000 35.830
4565.000 37.507
4570.000 42.067
4575.000 48.629
4580.000 52.794
4585.000 62.900
4590.000 68.502
4595.000 78.104
4600.000 79.075
4605.000 74.723
4610.000 61.034
4615.000 54.520
4620.000 44.416
4625.000 37.412
4630.000 34.751
4635.000 30.630
4640.000 29.038
4645.000 26.506
4650.000 24.656
4655.000 23.941
4660.000 22.834
4665.000 22.452
4670.000 21.911
4675.000 21.658
4680.000 21.641
4685.000 21.850
4690.000 22.073
4695.000 22.754
4700.000 23.767
4705.000 24.431
4710.000 26.138
4715.000 27.250
4720.000 29.967
4725.000 33.639
4730.000 35.932
4735.000 41.813
4740.000 45.508
4745.000 54.417
4750.000 64.689
4755.000 69.358
4760.000 73.528
4765.000 71.347
4770.000 59.693
4775.000 47.295
4780.000 42.417
4785.000 34.941
4790.000 32.057
4795.000 27.541
4800.000 24.086
4805.000 22.788
4810.000 20.676
4815.000 19.789
4820.000 18.323
4825.000 17.217
4830.000 16.750
4835.000 15.980
4840.000 15.677
4845.000 15.184
4850.000 14.868
4855.000 14.757
4860.000 14.637
4865.000 14.614
4870.000 14.714
4875.000 14.941
4880.000 15.125
4885.000 15.609
4890.000 15.905
4895.000 16.711
4900.000 17.764
4905.000 18.419
4910.000 20.035
4915.000 21.044
4920.000 23.517
4925.000 26.881
4930.000 28.963
4935.000 34.218
4940.000 37.391
4945.000 44.539
4950.000 50.884
4955.000 52.287
4960.000 48.733
4965.000 44.317
4970.000 34.912
4975.000 27.918
4980.000 25.270
4985.000 21.155
4990.000 19.553
4995.000 17.023
5000.000 15.133
5005.000 14.362
5010.000 13.068
5015.000 12.085
5020.000 11.679
5025.000 10.982
5030.000 10.705
5035.000 10.049
5040.000 9.775
5050.000 9.647
5055.000 9.505
5060.000 9.458
5065.000 9.468
5070.000 9.550
5075.000 9.625
5080.000 9.855
5085.000 10.212
5090.000 10.430
5095.000 10.956
5100.000 11.282
5105.000 12.101
5110.000 13.213
5115.000 13.865
5120.000 15.485
5125.000 16.488
5130.000 19.031
5135.000 22.514
5140.000 24.617
5145.000 29.634
5150.000 32.380
5155.000 37.046
5160.000 37.439
5165.000 35.217
5170.000 28.478
5175.000 25.328
5180.000 20.468
5185.000 17.045
5190.000 15.721
5195.000 13.606
5200.000 12.789
5205.000 11.466
5210.000 10.409
5215.000 9.982
5220.000 9.260
5225.000 8.981
5230.000 8.485
5235.000 8.086
5240.000 7.939
5245.000 7.684
5250.000 7.581
5255.000 7.463
5260.000 7.368
5265.000 7.362
5270.000 7.370
5275.000 7.427
5280.000 7.563
5285.000 7.766
5290.000 7.905
5295.000 8.248
5300.000 8.493
5305.000 9.061
5310.000 9.806
5315.000 10.327
5320.000 11.495
5325.000 12.265
5330.000 14.128
5335.000 15.279
5340.000 18.138
5345.000 21.510
5350.000 23.121
5355.000 24.822
5360.000 24.256
5365.000 20.428
5370.000 15.983
5375.000 14.195
5380.000 11.511
5385.000 10.484
5390.000 8.911
5395.000 7.767
5400.000 7.315
5405.000 6.561
5410.000 6.259
5415.000 5.765
5420.000 5.393
5425.000 5.232
5430.000 4.887
5435.000 4.887
5440.000 4.737
5445.000 4.666
5455.000 4.631
5465.000 4.736
5470.000 4.854
5475.000 5.072
5480.000 5.220
5485.000 5.576
5490.000 6.069
5495.000 6.388
5500.000 7.178
5505.000 7.673
5510.000 8.940
5515.000 9.735
5520.000 11.613
5525.000 13.583
5530.000 14.330
5535.000 14.383
5540.000 13.506
5545.000 10.708
5550.000 8.475
5555.000 7.622
5560.000 6.326
5565.000 5.838
5570.000 5.065
5575.000 4.495
5580.000 4.266
5585.000 3.893
5590.000 3.746
5595.000 3.495
5600.000 3.332
5605.000 3.260
5610.000 3.160
5615.000 3.130
5620.000 3.098
5625.000 3.130
5630.000 3.161
5635.000 3.266
5640.000 3.350
5645.000 3.578
5650.000 3.835
5655.000 3.969
5660.000 4.082
5665.000 3.997
5670.000 3.368
5675.000 2.395
5680.000 1.964
5685.000 1.356
5690.000 1.138
5695.000 0.831
5700.000 0.659
5705.000 0.599
5710.000 0.509
5715.000 0.500
5720.000 0.466
5725.000 0.469
5730.000 0.470
5735.000 0.476
5740.000 0.479
5745.000 0.497
5750.000 0.502
5755.000 0.517
5760.000 0.526
5765.000 0.519
5770.000 0.540
5775.000 0.547
5780.000 0.560
5785.000 0.572
5790.000 0.544
5795.000 0.568
5800.000 0.570
5805.000 0.575
5810.000 0.575
5815.000 0.585
5820.000 0.578
5825.000 0.591
5830.000 0.589
5835.000 0.588
5840.000 0.592
5845.000 0.589
5850.000 0.598
5855.000 0.606
5860.000 0.601
5865.000 0.609
5870.000 0.614
5875.000 0.611
5880.000 0.603
5885.000 0.595
5890.000 0.606
5895.000 0.610
5900.000 0.606
5905.000 0.608
5910.000 0.609
5915.000 0.613
5920.000 0.600
5925.000 0.622
5930.000 0.622
5935.000 0.608
5940.000 0.612
5945.000 0.611
5950.000 0.616
5955.000 0.610
5960.000 0.609
5965.000 0.622
5970.000 0.612
5975.000 0.611
5980.000 0.614
5985.000 0.619
5990.000 0.623
5995.000 0.613
6000.000 0.608
6005.000 0.614
6010.000 0.608
6015.000 0.617
6020.000 0.608
6025.000 0.613
6030.000 0.613
6035.000 0.621
6040.000 0.615
6045.000 0.623
6050.000 0.615
6055.000 0.620
6060.000 0.624
6065.000 0.623
6070.000 0.618
6075.000 0.611
6080.000 0.609
6085.000 0.615
6090.000 0.630
6095.000 0.605
6100.000 0.607
6105.000 0.608
6110.000 0.616
6120.000 0.615
6125.000 0.612
6130.000 0.611
6135.000 0.612
6140.000 0.607
6145.000 0.611
6150.000 0.610
6155.000 0.607
6160.000 0.616
6165.000 0.612
6170.000 0.621
6175.000 0.617
6180.000 0.614
6185.000 0.615
6190.000 0.620
6195.000 0.609
6200.000 0.622
6205.000 0.619
6210.000 0.622
6215.000 0.614
6220.000 0.614
6225.000 0.615
6230.000 0.624
6235.000 0.619
6240.000 0.615
6245.000 0.610
6250.000 0.615
6255.000 0.616
6260.000 0.618
6265.000 0.609
6270.000 0.616
6275.000 0.615
6280.000 0.610
6285.000 0.611
6290.000 0.617
6295.000 0.611
6300.000 0.617
6305.000 0.619
6310.000 0.608
6315.000 0.614
6320.000 0.613
6325.000 0.627
6330.000 0.612
6335.000 0.611
6340.000 0.607
6345.000 0.622
6350.000 0.616
6355.000 0.616
6360.000 0.624
6365.000 0.615
6370.000 0.620
6375.000 0.610
6380.000 0.619
6385.000 0.618
6390.000 0.618
6395.000 0.612
6400.000 0.622
6405.000 0.619
6410.000 0.616
6415.000 0.620
6420.000 0.610
6425.000 0.619
6430.000 0.613
6435.000 0.614
6440.000 0.624
6445.000 0.622
6450.000 0.615
6455.000 0.625
6460.000 0.627
6465.000 0.619
6470.000 0.618
6475.000 0.618
6480.000 0.625
6485.000 0.620
6490.000 0.624
6495.000 0.619
6500.000 0.616
6505.000 0.615
6510.000 0.624
6515.000 0.618
6520.000 0.618
6525.000 0.626
6530.000 0.627
6535.000 0.616
6540.000 0.627
6545.000 0.627
6550.000 0.635
6555.000 0.635
6560.000 0.635
6565.000 0.633
6570.000 0.641
6575.000 0.633
6580.000 0.629
6585.000 0.632
6590.000 0.648
6595.000 0.648
6600.000 0.652
6605.000 0.649
6610.000 0.654
6615.000 0.670
6620.000 0.679
6625.000 0.692
6630.000 0.691
6635.000 0.714
6640.000 0.722
6645.000 0.740
6650.000 0.767
6655.000 0.798
6660.000 0.817
6665.000 0.865
6670.000 0.927
6675.000 0.976
6680.000 1.071
6685.000 1.131
6690.000 1.266
6695.000 1.363
6700.000 1.573
6705.000 1.860
6710.000 2.051
6715.000 2.516
6720.000 2.821
6725.000 3.602
6730.000 4.744
6735.000 5.508
6740.000 7.508
6745.000 8.809
6750.000 11.758
6755.000 14.166
6760.000 14.595
6765.000 13.866
6770.000 13.250
6775.000 12.360
6780.000 12.090
6785.000 12.170
6790.000 12.679
6795.000 13.160
6800.000 14.594
6805.000 16.737
6810.000 18.077
6815.000 21.271
6820.000 22.914
6825.000 25.183
6830.000 24.444
6835.000 22.867
6840.000 18.957
6845.000 17.236
6850.000 14.620
6855.000 12.795
6860.000 12.124
6865.000 11.088
6870.000 10.711
6875.000 10.188
6880.000 9.889
6885.000 9.805
6890.000 9.808
6895.000 9.870
6900.000 10.145
6905.000 10.620
6910.000 10.929
6915.000 11.790
6920.000 12.343
6925.000 13.734
6930.000 15.630
6935.000 16.823
6940.000 19.687
6945.000 21.349
6950.000 24.674
6955.000 26.822
6960.000 26.784
6965.000 24.088
6970.000 22.046
6975.000 17.839
6980.000 16.245
6985.000 13.700
6990.000 11.871
6995.000 11.136
7000.000 9.991
7005.000 9.529
7010.000 8.782
7015.000 8.233
7020.000 8.016
7025.000 7.664
7030.000 7.540
7035.000 7.359
7040.000 7.273
7045.000 7.260
7050.000 7.305
7055.000 7.352
7060.000 7.547
7065.000 7.842
7070.000 8.058
7075.000 8.546
7080.000 8.870
7085.000 9.672
7090.000 10.740
7095.000 11.420
7100.000 13.051
7105.000 14.060
7110.000 16.451
7115.000 19.080
7120.000 20.276
7125.000 21.476
7130.000 21.124
7135.000 18.663
7140.000 15.448
7145.000 14.015
7150.000 11.755
7155.000 10.867
7160.000 9.436
7165.000 8.406
7170.000 7.983
7175.000 7.304
7180.000 7.024
7185.000 6.581
7190.000 6.248
7195.000 6.120
7200.000 5.914
7205.000 5.841
7210.000 5.748
7215.000 5.714
7220.000 5.733
7225.000 5.791
7230.000 5.932
7235.000 6.027
7240.000 6.268
7245.000 6.428
7250.000 6.829
7255.000 7.355
7260.000 7.678
7265.000 8.483
7270.000 9.021
7275.000 10.265
7280.000 11.015
7285.000 12.808
7290.000 14.937
7295.000 16.003
7300.000 17.612
7305.000 17.798
7310.000 16.542
7315.000 13.948
7320.000 12.639
7325.000 10.466
7330.000 9.611
7335.000 8.212
7340.000 7.184
7345.000 6.781
7350.000 6.095
7355.000 5.829
7360.000 5.380
7365.000 5.034
7370.000 4.886
7375.000 4.648
7380.000 4.567
7385.000 4.432
7390.000 4.343
7395.000 4.324
7400.000 4.300
7405.000 4.319
7410.000 4.381
7415.000 4.508
7420.000 4.592
7425.000 4.815
7430.000 4.958
7435.000 5.321
7440.000 5.838
7445.000 6.512
7450.000 6.932
7455.000 7.408
7460.000 8.554
7465.000 9.849
7470.000 10.454
7475.000 11.240
7480.000 11.187
7485.000 10.115
7490.000 8.446
7495.000 7.675
7500.000 6.409
7505.000 5.919
7510.000 5.118
7515.000 4.548
7520.000 4.312
7525.000 3.932
7530.000 3.796
7535.000 3.564
7540.000 3.393
7545.000 3.326
7550.000 3.238
7555.000 3.203
7560.000 3.193
7565.000 3.209
7570.000 3.249
7575.000 3.334
7580.000 3.399
7585.000 3.588
7590.000 3.699
7595.000 3.999
7600.000 4.416
7605.000 4.655
7610.000 5.268
7615.000 5.632
7620.000 6.394
7625.000 7.014
7630.000 7.127
7635.000 6.761
7640.000 6.302
7645.000 5.181
7650.000 4.216
7655.000 3.831
7660.000 3.222
7665.000 2.976
7670.000 2.594
7675.000 2.303
7680.000 2.197
7685.000 1.998
7690.000 1.926
7695.000 1.808
7700.000 1.723
7705.000 1.694
7710.000 1.649
7715.000 1.632
7720.000 1.612
7725.000 1.591
7730.000 1.565
7735.000 1.512
7740.000 1.447
7745.000 1.221
7750.000 0.956
7755.000 0.833
7760.000 0.689
7765.000 0.639
7770.000 0.583
7775.000 0.585
7780.000 0.575
7785.000 0.583
7790.000 0.587
7795.000 0.593
7800.000 0.592
7805.000 0.599
7810.000 0.598
7815.000 0.594
7820.000 0.598
7825.000 0.605
7830.000 0.614
7835.000 0.604
7840.000 0.606
7845.000 0.607
7850.000 0.617
7855.000 0.611
7860.000 0.608
7865.000 0.615
7870.000 0.620
7875.000 0.611
7880.000 0.615
7885.000 0.619
7890.000 0.609
7895.000 0.627
7900.000 0.613
7905.000 0.616
7910.000 0.615
7915.000 0.617
7920.000 0.624
7925.000 0.624
7930.000 0.627
7935.000 0.612
7940.000 0.614
7945.000 0.613
7950.000 0.624
7955.000 0.618
7960.000 0.620
7965.000 0.614
7970.000 0.615
7975.000 0.620
7980.000 0.619
7985.000 0.619
7990.000 0.619
7995.000 0.619
8000.000 0.618
8005.000 0.621
8010.000 0.613
8015.000 0.612
8020.000 0.619
8025.000 0.621
8030.000 0.616
8035.000 0.622
8040.000 0.614
8045.000 0.622
8050.000 0.617
8055.000 0.622
8060.000 0.622
8065.000 0.614
8070.000 0.621
8075.000 0.613
8080.000 0.613
8085.000 0.624
8090.000 0.609
8095.000 0.618
8100.000 0.618
8105.000 0.620
8110.000 0.622
8115.000 0.616
8120.000 0.626
8125.000 0.611
8130.000 0.618
8135.000 0.615
8140.000 0.617
8145.000 0.611
8150.000 0.616
8155.000 0.617
8160.000 0.616
8165.000 0.621
8170.000 0.617
8175.000 0.618
8180.000 0.615
8185.000 0.616
8190.000 0.613
8195.000 0.615
8200.000 0.616
8205.000 0.616
8210.000 0.618
8215.000 0.617
8220.000 0.619
8225.000 0.618
8230.000 0.616
8235.000 0.626
8240.000 0.615
8245.000 0.622
8250.000 0.616
8255.000 0.617
8260.000 0.616
8265.000 0.621
8270.000 0.618
8275.000 0.631
8280.000 0.612
8285.000 0.610
8290.000 0.618
8295.000 0.616
8300.000 0.620
8305.000 0.614
8310.000 0.615
8315.000 0.610
8320.000 0.623
8325.000 0.620
8330.000 0.617
8335.000 0.619
8340.000 0.624
8345.000 0.619
8350.000 0.610
8355.000 0.615
8360.000 0.609
8365.000 0.610
8370.000 0.622
8375.000 0.615
8380.000 0.611
8385.000 0.620
8390.000 0.615
8395.000 0.617
8400.000 0.616
8405.000 0.614
8410.000 0.619
8415.000 0.619
8420.000 0.622
8425.000 0.611
8430.000 0.617
8435.000 0.614
8440.000 0.619
8445.000 0.617
8450.000 0.613
8455.000 0.619
8460.000 0.611
8465.000 0.616
8470.000 0.619
8475.000 0.617
8480.000 0.613
8485.000 0.624
8490.000 0.613
8495.000 0.624
8500.000 0.623
8505.000 0.618
8510.000 0.614
8515.000 0.615
8520.000 0.612
8525.000 0.614
8530.000 0.606
8535.000 0.621
8540.000 0.610
8545.000 0.616
8550.000 0.613
8555.000 0.614
8560.000 0.616
8565.000 0.615
8570.000 0.614
8575.000 0.614
8580.000 0.610
8585.000 0.615
8590.000 0.618
8595.000 0.620
8600.000 0.612
8605.000 0.621
8610.000 0.612
8615.000 0.614
8620.000 0.619
8625.000 0.616
8630.000 0.620
8635.000 0.618
8640.000 0.624
8645.000 0.615
8650.000 0.615
8655.000 0.620
8660.000 0.614
8665.000 0.615
8670.000 0.615
8675.000 0.618
8680.000 0.619
8685.000 0.618
8690.000 0.619
8695.000 0.618
8700.000 0.620
8705.000 0.625
8710.000 0.623
8715.000 0.625
8720.000 0.626
8725.000 0.618
8730.000 0.626
8735.000 0.618
8740.000 0.616
8745.000 0.622
8750.000 0.619
8755.000 0.625
8760.000 0.626
8765.000 0.621
8770.000 0.624
8775.000 0.624
8780.000 0.627
8785.000 0.632
8790.000 0.630
8795.000 0.633
8800.000 0.629
8805.000 0.640
8810.000 0.637
8815.000 0.645
8820.000 0.638
8825.000 0.638
8830.000 0.650
8835.000 0.644
8840.000 0.650
8845.000 0.660
8850.000 0.653
8855.000 0.670
8860.000 0.670
8865.000 0.679
8870.000 0.683
8875.000 0.698
8880.000 0.712
8885.000 0.720
8890.000 0.746
8895.000 0.759
8900.000 0.776
8905.000 0.812
8910.000 0.838
8915.000 0.890
8920.000 0.952
8925.000 0.993
8930.000 1.090
8935.000 1.224
8940.000 1.309
8945.000 1.526
8950.000 1.664
8955.000 2.010
8960.000 2.249
8965.000 2.856
8970.000 3.689
8975.000 4.167
8980.000 5.097
8985.000 5.421
8990.000 5.573
8995.000 5.266
9000.000 5.110
9005.000 4.955
9010.000 4.962
9015.000 5.123
9020.000 5.544
9025.000 6.222
9030.000 6.672
9035.000 7.202
9040.000 8.460
9045.000 9.715
9050.000 10.202
9055.000 10.374
9060.000 10.017
9065.000 8.893
9070.000 7.785
9075.000 7.351
9080.000 6.670
9085.000 6.415
9090.000 6.050
9095.000 5.855
9100.000 5.788
9105.000 5.767
9110.000 5.811
9115.000 5.955
9120.000 6.241
9125.000 6.435
9130.000 6.926
9135.000 7.235
9140.000 8.025
9145.000 9.058
9150.000 9.673
9155.000 11.006
9160.000 11.674
9165.000 12.689
9170.000 12.713
9175.000 12.263
9180.000 10.719
9185.000 9.861
9190.000 8.343
9195.000 7.164
9200.000 6.689
9205.000 5.935
9210.000 5.631
9215.000 5.156
9220.000 4.801
9225.000 4.665
9230.000 4.452
9235.000 4.378
9240.000 4.276
9245.000 4.248
9250.000 4.248
9255.000 4.324
9260.000 4.375
9265.000 4.552
9270.000 4.813
9275.000 4.995
9280.000 5.420
9285.000 5.685
9290.000 6.340
9295.000 7.198
9300.000 7.699
9305.000 8.843
9310.000 9.446
9315.000 10.483
9320.000 10.846
9325.000 10.636
9330.000 9.569
9335.000 8.902
9340.000 7.664
9345.000 6.675
9350.000 6.233
9355.000 5.588
9360.000 5.315
9365.000 4.908
9370.000 4.747
9375.000 4.487
9380.000 4.321
9385.000 4.257
9390.000 4.165
9395.000 4.144
9400.000 4.120
9405.000 4.122
9410.000 4.140
9415.000 4.217
9420.000 4.279
9425.000 4.458
9430.000 4.709
9435.000 4.876
9440.000 5.265
9445.000 5.497
9450.000 6.082
9455.000 6.799
9460.000 7.221
9465.000 8.122
9470.000 8.571
9475.000 9.294
9480.000 9.500
9485.000 9.308
9490.000 8.433
9495.000 7.851
9500.000 6.710
9505.000 5.749
9510.000 5.350
9515.000 4.683
9520.000 4.401
9525.000 3.938
9530.000 3.594
9535.000 3.457
9540.000 3.243
9545.000 3.151
9550.000 3.019
9555.000 2.937
9560.000 2.914
9565.000 2.876
9570.000 2.879
9575.000 2.889
9580.000 2.948
9585.000 2.982
9590.000 3.113
9595.000 3.207
9600.000 3.433
9605.000 3.759
9610.000 3.964
9615.000 4.433
9620.000 4.715
9625.000 5.336
9630.000 5.913
9635.000 6.131
9640.000 6.235
9645.000 6.096
9650.000 5.486
9655.000 4.798
9660.000 4.475
9665.000 3.941
9670.000 3.725
9675.000 3.370
9680.000 3.113
9685.000 3.012
9690.000 2.838
9695.000 2.785
9700.000 2.693
9705.000 2.636
9710.000 2.626
9715.000 2.633
9720.000 2.645
9725.000 2.701
9730.000 2.791
9735.000 2.864
9740.000 3.024
9745.000 3.133
9750.000 3.390
9755.000 3.718
9760.000 3.882
9765.000 4.239
9770.000 4.391
9775.000 4.507
9780.000 4.257
9785.000 3.999
9790.000 3.376
9795.000 3.068
9800.000 2.524
9805.000 2.110
9810.000 1.941
9815.000 1.673
9820.000 1.565
9825.000 1.376
9830.000 1.245
9835.000 1.181
9840.000 1.081
9845.000 1.027
9850.000 0.954
9855.000 0.877
9860.000 0.823
9865.000 0.747
9870.000 0.704
9875.000 0.633
9880.000 0.601
9885.000 0.595
9890.000 0.598
9895.000 0.603
9900.000 0.614
9905.000 0.625
9910.000 0.621
9915.000 0.625
9920.000 0.626
9925.000 0.622
9930.000 0.628
9935.000 0.624
9940.000 0.617
9945.000 0.617
9950.000 0.615
9955.000 0.619
9960.000 0.615
9965.000 0.617
9970.000 0.610
9975.000 0.605
9980.000 0.613
9985.000 0.613
9990.000 0.607
9995.000 0.608
10000.000 0.613
10005.000 0.602
10010.000 0.608
10020.000 0.610
10025.000 0.607
10030.000 0.607
10040.000 0.602
10045.000 0.604
10050.000 0.606
10055.000 0.601
10060.000 0.614
10065.000 0.603
10070.000 0.601
10075.000 0.602
10080.000 0.609
10085.000 0.603
10090.000 0.608
10095.000 0.602
10100.000 0.606
10105.000 0.603
10110.000 0.594
10115.000 0.595
10120.000 0.596
10125.000 0.604
10130.000 0.600
10135.000 0.597
10140.000 0.608
10145.000 0.604
10150.000 0.602
10155.000 0.607
10160.000 0.610
10165.000 0.602
10170.000 0.598
10175.000 0.593
10180.000 0.601
10185.000 0.602
10190.000 0.605
10195.000 0.602
10200.000 0.600
10205.000 0.602
10210.000 0.596
10215.000 0.600
10220.000 0.601
10225.000 0.599
10230.000 0.603
10235.000 0.597
10240.000 0.601
10245.000 0.599
10250.000 0.598
10255.000 0.597
10260.000 0.599
10265.000 0.599
10270.000 0.595
10275.000 0.602
10280.000 0.595
10285.000 0.604
10290.000 0.599
10295.000 0.599
10300.000 0.589
10305.000 0.593
10310.000 0.595
10315.000 0.599
10320.000 0.606
10325.000 0.601
10330.000 0.601
10335.000 0.590
10340.000 0.595
10345.000 0.596
10350.000 0.607
10355.000 0.600
10360.000 0.598
10365.000 0.599
10370.000 0.595
10375.000 0.596
10380.000 0.599
10385.000 0.598
10390.000 0.594
10395.000 0.592
10400.000 0.601
10405.000 0.595
10410.000 0.596
10415.000 0.593
10420.000 0.595
10425.000 0.592
10430.000 0.597
10435.000 0.599
10440.000 0.593
10445.000 0.596
10450.000 0.600
10455.000 0.595
10460.000 0.595
10465.000 0.603
10470.000 0.596
10475.000 0.596
10480.000 0.595
10485.000 0.596
10490.000 0.596
10495.000 0.605
10500.000 0.598
10505.000 0.591
10510.000 0.594
10515.000 0.599
10520.000 0.591
10525.000 0.592
10530.000 0.594
10535.000 0.595
10540.000 0.594
10545.000 0.598
10550.000 0.590
10555.000 0.592
10560.000 0.593
10565.000 0.595
10570.000 0.597
10575.000 0.593
10580.000 0.593
10585.000 0.593
10590.000 0.598
10595.000 0.592
10600.000 0.594
10605.000 0.597
10610.000 0.600
10615.000 0.593
10620.000 0.589
10625.000 0.584
10630.000 0.582
10635.000 0.584
10640.000 0.583
10645.000 0.593
10650.000 0.595
10655.000 0.595
10660.000 0.600
10665.000 0.608
10670.000 0.608
10675.000 0.609
10680.000 0.601
10685.000 0.599
10690.000 0.590
10695.000 0.590
10700.000 0.586
10705.000 0.581
10710.000 0.578
10715.000 0.573
10720.000 0.572
10725.000 0.574
10730.000 0.573
10735.000 0.579
10740.000 0.588
10745.000 0.589
10750.000 0.594
10755.000 0.600
10760.000 0.602
10765.000 0.609
10770.000 0.601
10775.000 0.603
10780.000 0.610
10785.000 0.617
10790.000 0.608
10795.000 0.608
10800.000 0.601
10805.000 0.591
10810.000 0.589
10815.000 0.591
10820.000 0.587
10825.000 0.582
10830.000 0.579
10835.000 0.576
10840.000 0.570
10845.000 0.574
10850.000 0.583
10855.000 0.590
10860.000 0.587
10865.000 0.590
10870.000 0.595
10875.000 0.596
10880.000 0.599
10885.000 0.604
10890.000 0.599
10895.000 0.597
10900.000 0.601
10905.000 0.596
10910.000 0.597
10915.000 0.594
10920.000 0.596
10925.000 0.596
10930.000 0.593
10935.000 0.591
10940.000 0.597
10945.000 0.589
10950.000 0.593
10955.000 0.593
10960.000 0.590
10965.000 0.593
10970.000 0.599
10975.000 0.601
10980.000 0.591
10985.000 0.605
10990.000 0.600
10995.000 0.605
11000.000 0.598
11005.000 0.603
11010.000 0.602
11015.000 0.599
11020.000 0.603
11025.000 0.604
11030.000 0.616
11035.000 0.610
11040.000 0.613
11045.000 0.623
11050.000 0.614
11055.000 0.618
11060.000 0.624
11065.000 0.625
11070.000 0.629
11075.000 0.637
11080.000 0.639
11085.000 0.655
11090.000 0.662
11095.000 0.672
11100.000 0.685
11105.000 0.687
11110.000 0.717
11115.000 0.742
11120.000 0.758
11125.000 0.791
11130.000 0.820
11135.000 0.876
11140.000 0.952
11145.000 1.001
11150.000 1.125
11155.000 1.206
11160.000 1.402
11165.000 1.658
11170.000 1.801
11175.000 2.110
11180.000 2.231
11185.000 2.330
11190.000 2.199
11195.000 2.106
11200.000 1.962
11205.000 1.916
11210.000 1.906
11215.000 2.000
11220.000 2.079
11225.000 2.338
11230.000 2.520
11240.000 3.503
11245.000 4.226
11250.000 4.556
11255.000 5.063
11260.000 5.151
11265.000 4.957
11270.000 4.561
11275.000 4.356
11280.000 4.021
11285.000 3.896
11290.000 3.700
11295.000 3.594
11300.000 3.558
11305.000 3.553
11310.000 3.601
11315.000 3.657
11320.000 3.723
11325.000 3.917
11330.000 4.189
11335.000 4.350
11340.000 4.769
11345.000 5.019
11350.000 5.612
11355.000 6.280
11360.000 6.614
11365.000 7.114
11370.000 7.160
11375.000 6.954
11380.000 6.183
11385.000 5.727
11390.000 4.861
11395.000 4.176
11400.000 3.897
11405.000 3.444
11410.000 3.258
11415.000 2.969
11420.000 2.758
11425.000 2.674
11430.000 2.552
11435.000 2.514
11440.000 2.466
11445.000 2.458
11450.000 2.478
11455.000 2.538
11460.000 2.648
11465.000 2.719
11470.000 2.919
11475.000 3.047
11480.000 3.381
11485.000 3.580
11495.000 4.415
11500.000 5.091
11505.000 5.801
11510.000 6.110
11515.000 6.493
11520.000 6.513
11525.000 6.193
11530.000 5.601
11535.000 5.281
11540.000 4.728
11545.000 4.494
11550.000 4.095
11555.000 3.785
11560.000 3.668
11565.000 3.473
11570.000 3.386
11575.000 3.279
11580.000 3.229
11585.000 3.182
11590.000 3.165
11595.000 3.169
11600.000 3.190
11605.000 3.233
11610.000 3.318
11615.000 3.449
11620.000 3.528
11625.000 3.738
11630.000 3.863
11635.000 4.168
11640.000 4.564
11645.000 4.781
11650.000 5.275
11655.000 5.548
11660.000 6.046
11665.000 6.365
11670.000 6.387
11675.000 6.072
11680.000 5.769
11685.000 5.003
11690.000 4.273
11695.000 3.947
11700.000 3.407
11705.000 3.180
11710.000 2.810
11715.000 2.524
11720.000 2.409
11725.000 2.221
11730.000 2.135
11735.000 2.018
11740.000 1.940
11745.000 1.910
11750.000 1.872
11755.000 1.871
11760.000 1.887
11765.000 1.939
11770.000 1.975
11775.000 2.093
11780.000 2.166
11785.000 2.362
11790.000 2.625
11795.000 2.786
11800.000 3.154
11805.000 3.358
11810.000 3.776
11815.000 4.091
11820.000 4.171
11825.000 4.109
11830.000 3.979
11835.000 3.629
11840.000 3.260
11845.000 3.097
11850.000 2.826
11855.000 2.714
11860.000 2.533
11865.000 2.397
11870.000 2.335
11875.000 2.257
11880.000 2.227
11885.000 2.196
11890.000 2.185
11895.000 2.186
11900.000 2.220
11905.000 2.254
11910.000 2.324
11915.000 2.377
11920.000 2.500
11925.000 2.659
11930.000 2.731
11935.000 2.911
11940.000 3.033
11945.000 3.056
11950.000 2.954
11955.000 2.826
11960.000 2.440
11965.000 2.230
11970.000 1.823
11975.000 1.489
11980.000 1.350
11985.000 1.125
11990.000 1.035
11995.000 0.880
12000.000 0.751
12005.000 0.696
12010.000 0.593
12015.000 0.545
12020.000 0.468
12025.000 0.381
12030.000 0.352
12035.000 0.319
12040.000 0.332
12045.000 0.424
12050.000 0.519
12055.000 0.546
12060.000 0.589
12065.000 0.609
12070.000 0.622
12075.000 0.616
12080.000 0.617
12085.000 0.622
12090.000 0.612
12095.000 0.608
12100.000 0.606
12105.000 0.603
12110.000 0.597
12115.000 0.596
12120.000 0.599
12125.000 0.593
12130.000 0.587
12135.000 0.592
12140.000 0.590
12145.000 0.590
12150.000 0.586
12155.000 0.581
12160.000 0.580
12165.000 0.582
12170.000 0.581
12175.000 0.579
12180.000 0.575
12185.000 0.580
12190.000 0.576
12195.000 0.576
12200.000 0.579
12205.000 0.580
12210.000 0.571
12215.000 0.572
12220.000 0.570
12225.000 0.571
12230.000 0.565
12235.000 0.567
12240.000 0.566
12245.000 0.568
12250.000 0.571
12255.000 0.573
12260.000 0.568
12265.000 0.567
12270.000 0.574
12275.000 0.572
12280.000 0.574
12285.000 0.574
12290.000 0.567
12295.000 0.566
12300.000 0.563
12305.000 0.567
12310.000 0.568
12315.000 0.561
12320.000 0.561
12325.000 0.564
12330.000 0.570
12335.000 0.559
12340.000 0.568
12345.000 0.559
12350.000 0.572
12355.000 0.569
12360.000 0.563
12365.000 0.572
12370.000 0.573
12375.000 0.571
12380.000 0.576
12385.000 0.572
12390.000 0.562
12395.000 0.562
12400.000 0.565
12405.000 0.559
12410.000 0.558
12415.000 0.559
12420.000 0.567
12425.000 0.556
12430.000 0.557
12435.000 0.562
12440.000 0.557
12445.000 0.561
12450.000 0.554
12455.000 0.565
12460.000 0.573
12465.000 0.558
12470.000 0.556
12475.000 0.565
12480.000 0.559
12485.000 0.566
12490.000 0.566
12495.000 0.563
12500.000 0.564
12505.000 0.563
12510.000 0.555
12515.000 0.561
12520.000 0.554
12525.000 0.563
12530.000 0.552
12535.000 0.564
12540.000 0.559
12545.000 0.572
12550.000 0.574
12555.000 0.564
12560.000 0.557
12565.000 0.562
12570.000 0.560
12575.000 0.564
12580.000 0.565
12585.000 0.561
12590.000 0.561
12595.000 0.553
12600.000 0.564
12605.000 0.553
12610.000 0.563
12615.000 0.562
12620.000 0.557
12625.000 0.560
12630.000 0.559
12635.000 0.559
12640.000 0.564
12645.000 0.554
12650.000 0.562
12655.000 0.561
12660.000 0.563
12665.000 0.560
12670.000 0.562
12675.000 0.560
12680.000 0.552
12685.000 0.550
12690.000 0.556
12695.000 0.559
12700.000 0.564
12705.000 0.565
12710.000 0.561
12715.000 0.549
12720.000 0.563
12725.000 0.561
12730.000 0.560
12735.000 0.559
12740.000 0.560
12745.000 0.559
12750.000 0.562
12755.000 0.560
12760.000 0.557
12765.000 0.559
12770.000 0.555
12775.000 0.561
12780.000 0.560
12785.000 0.563
12790.000 0.563
12795.000 0.554
12800.000 0.552
12805.000 0.553
12810.000 0.553
12815.000 0.563
12820.000 0.555
12825.000 0.560
12830.000 0.559
12835.000 0.558
12840.000 0.553
12845.000 0.562
12850.000 0.562
12855.000 0.559
12860.000 0.550
12865.000 0.560
12870.000 0.553
12875.000 0.552
12880.000 0.550
12885.000 0.546
12890.000 0.559
12895.000 0.556
12900.000 0.554
12905.000 0.551
12910.000 0.552
12915.000 0.552
12920.000 0.555
12925.000 0.554
12930.000 0.558
12935.000 0.553
12940.000 0.550
12945.000 0.557
12950.000 0.555
12955.000 0.561
12960.000 0.555
12965.000 0.553
12970.000 0.550
12975.000 0.561
12980.000 0.557
12985.000 0.548
12990.000 0.553
12995.000 0.547
13000.000 0.555
13005.000 0.556
13010.000 0.554
13015.000 0.557
13020.000 0.556
13025.000 0.553
13030.000 0.552
13035.000 0.551
13040.000 0.560
13045.000 0.551
13050.000 0.555
13055.000 0.554
13060.000 0.554
13065.000 0.554
13070.000 0.552
13075.000 0.552
13080.000 0.557
13085.000 0.553
13090.000 0.555
13095.000 0.556
13100.000 0.556
13105.000 0.557
13110.000 0.558
13115.000 0.563
13120.000 0.562
13125.000 0.554
13130.000 0.567
13135.000 0.557
13140.000 0.562
13145.000 0.566
13150.000 0.563
13155.000 0.561
13160.000 0.562
13165.000 0.577
13170.000 0.575
13175.000 0.569
13180.000 0.569
13185.000 0.575
13190.000 0.581
13195.000 0.587
13200.000 0.581
13205.000 0.593
13210.000 0.597
13215.000 0.599
13220.000 0.608
13225.000 0.625
13230.000 0.626
13235.000 0.636
13240.000 0.646
13245.000 0.669
13250.000 0.685
13255.000 0.721
13260.000 0.730
13265.000 0.775
13270.000 0.832
13275.000 0.892
13280.000 0.939
13285.000 0.986
13290.000 1.065
13295.000 1.118
13300.000 1.125
13305.000 1.064
13310.000 1.003
13315.000 0.844
13320.000 0.730
13325.000 0.678
13330.000 0.639
13335.000 0.635
13340.000 0.661
13345.000 0.734
13350.000 0.790
13355.000 0.946
13360.000 1.059
13365.000 1.309
13370.000 1.633
13375.000 1.818
13380.000 2.204
13385.000 2.378
13390.000 2.643
13395.000 2.739
13400.000 2.721
13405.000 2.621
13410.000 2.556
13415.000 2.448
13420.000 2.354
13425.000 2.318
13430.000 2.270
13435.000 2.262
13440.000 2.251
13445.000 2.273
13450.000 2.294
13455.000 2.352
13460.000 2.389
13465.000 2.493
13470.000 2.622
13475.000 2.709
13480.000 2.890
13485.000 3.003
13490.000 3.233
13495.000 3.485
13500.000 3.600
13505.000 3.757
13510.000 3.783
13515.000 3.698
13520.000 3.428
13525.000 3.251
13530.000 2.865
13535.000 2.685
13540.000 2.355
13545.000 2.086
13550.000 1.966
13555.000 1.776
13560.000 1.691
13565.000 1.570
13570.000 1.485
13575.000 1.444
13580.000 1.396
13585.000 1.380
13590.000 1.365
13595.000 1.380
13600.000 1.388
13605.000 1.444
13610.000 1.480
13615.000 1.572
13620.000 1.703
13625.000 1.785
13630.000 1.984
13635.000 2.087
13640.000 2.371
13645.000 2.685
13650.000 2.858
13655.000 3.240
13660.000 3.409
13665.000 3.674
13670.000 3.753
13675.000 3.795
13680.000 3.683
13685.000 3.593
13690.000 3.379
13695.000 3.276
13700.000 3.081
13705.000 2.907
13710.000 2.841
13715.000 2.716
13720.000 2.663
13725.000 2.573
13730.000 2.524
13735.000 2.505
13740.000 2.479
13745.000 2.478
13750.000 2.477
13755.000 2.496
13760.000 2.520
13765.000 2.573
13770.000 2.607
13775.000 2.695
13780.000 2.808
13785.000 2.882
13790.000 3.033
13795.000 3.131
13800.000 3.322
13805.000 3.545
13810.000 3.662
13815.000 3.870
13820.000 3.966
13825.000 4.067
13830.000 4.034
13835.000 3.955
13840.000 3.688
13845.000 3.513
13850.000 3.155
13855.000 2.799
13860.000 2.634
13865.000 2.354
13870.000 2.219
13875.000 2.008
13880.000 1.839
13885.000 1.772
13890.000 1.653
13895.000 1.602
13900.000 1.529
13905.000 1.487
13910.000 1.474
13915.000 1.464
13920.000 1.462
13925.000 1.495
13930.000 1.540
13935.000 1.578
13940.000 1.677
13945.000 1.731
13950.000 1.889
13955.000 2.075
13960.000 2.183
13965.000 2.419
13970.000 2.552
13975.000 2.789
13980.000 2.994
13985.000 3.060
13990.000 3.152
13995.000 3.147
14000.000 3.086
14005.000 2.969
14010.000 2.885
14015.000 2.739
14020.000 2.668
14025.000 2.541
14030.000 2.422
14035.000 2.375
14040.000 2.298
14045.000 2.258
14050.000 2.206
14055.000 2.171
14060.000 2.158
14065.000 2.154
14070.000 2.158
14075.000 2.182
14080.000 2.231
14085.000 2.255
14090.000 2.333
14095.000 2.378
14100.000 2.472
14105.000 2.574
14110.000 2.628
14115.000 2.702
14120.000 2.717
14125.000 2.676
14130.000 2.530
14135.000 2.416
14140.000 2.135
14145.000 1.986
14150.000 1.690
14155.000 1.432
14160.000 1.312
14165.000 1.111
14170.000 1.024
14175.000 0.877
14180.000 0.762
14185.000 0.717
14190.000 0.639
14195.000 0.578
14200.000 0.562
14205.000 0.539
14210.000 0.548
14215.000 0.585
14220.000 0.616
14225.000 0.679
14230.000 0.733
14235.000 0.741
14240.000 0.756
14245.000 0.754
14250.000 0.732
14255.000 0.726
14260.000 0.704
14265.000 0.684
14270.000 0.669
14275.000 0.657
14280.000 0.643
14285.000 0.632
14290.000 0.612
14295.000 0.610
14300.000 0.601
14305.000 0.591
14310.000 0.586
14315.000 0.576
14320.000 0.580
14325.000 0.573
14330.000 0.565
14335.000 0.560
14340.000 0.565
14345.000 0.554
14350.000 0.566
14355.000 0.556
14360.000 0.554
14365.000 0.548
14370.000 0.542
14375.000 0.546
14380.000 0.538
14385.000 0.542
14390.000 0.536
14395.000 0.540
14400.000 0.538
14405.000 0.536
14410.000 0.536
14415.000 0.536
14420.000 0.536
14425.000 0.539
14430.000 0.529
14435.000 0.534
14440.000 0.530
14445.000 0.528
14450.000 0.535
14455.000 0.530
14460.000 0.528
14465.000 0.526
14470.000 0.529
14475.000 0.526
14480.000 0.524
14485.000 0.527
14490.000 0.523
14495.000 0.524
14500.000 0.521
14505.000 0.520
14510.000 0.528
14515.000 0.522
14520.000 0.519
14525.000 0.523
14530.000 0.528
14535.000 0.523
14540.000 0.523
14545.000 0.522
14550.000 0.517
14555.000 0.523
14560.000 0.521
14565.000 0.518
14570.000 0.525
14575.000 0.519
14580.000 0.516
14585.000 0.521
14590.000 0.519
14595.000 0.518
14600.000 0.517
14605.000 0.523
14610.000 0.517
14615.000 0.517
14620.000 0.520
14625.000 0.514
14630.000 0.512
14635.000 0.519
14640.000 0.517
14645.000 0.517
14650.000 0.519
14655.000 0.514
14660.000 0.526
14665.000 0.514
14670.000 0.517
14675.000 0.515
14680.000 0.516
14685.000 0.521
14690.000 0.517
14695.000 0.514
14700.000 0.516
14705.000 0.517
14710.000 0.513
14715.000 0.517
14720.000 0.514
14725.000 0.517
14730.000 0.510
14735.000 0.515
14740.000 0.514
14745.000 0.506
14750.000 0.506
14755.000 0.511
14760.000 0.517
14765.000 0.512
14770.000 0.513
14775.000 0.521
14780.000 0.514
14785.000 0.514
14790.000 0.512
14795.000 0.512
14800.000 0.513
14805.000 0.513
14810.000 0.508
14815.000 0.512
14820.000 0.512
14825.000 0.509
14830.000 0.510
14835.000 0.511
14840.000 0.514
14845.000 0.511
14850.000 0.512
14855.000 0.513
14860.000 0.506
14865.000 0.514
14870.000 0.511
14875.000 0.509
14880.000 0.508
14885.000 0.513
14890.000 0.507
14895.000 0.513
14900.000 0.517
14905.000 0.511
14910.000 0.519
14915.000 0.518
14920.000 0.510
14925.000 0.515
14930.000 0.512
14935.000 0.514
14940.000 0.515
14945.000 0.514
14950.000 0.518
14955.000 0.518
14960.000 0.520
14965.000 0.516
14970.000 0.512
14975.000 0.523
14980.000 0.519
14985.000 0.517
14990.000 0.521
14995.000 0.529
15000.000 0.525
15005.000 0.530
15010.000 0.521
15015.000 0.528
15020.000 0.528
15025.000 0.534
15030.000 0.537
15035.000 0.533
15040.000 0.542
15045.000 0.542
15050.000 0.546
15055.000 0.551
15060.000 0.553
15065.000 0.558
15070.000 0.567
15075.000 0.572
15080.000 0.576
15085.000 0.587
15090.000 0.587
15095.000 0.597
15100.000 0.602
15105.000 0.587
15110.000 0.577
15115.000 0.563
15120.000 0.501
15125.000 0.411
15130.000 0.356
15135.000 0.253
15140.000 0.202
15145.000 0.122
15150.000 0.103
15155.000 0.091
15160.000 0.100
15165.000 0.115
15170.000 0.141
15175.000 0.155
15180.000 0.191
15185.000 0.235
15190.000 0.272
15195.000 0.338
15200.000 0.375
15205.000 0.473
15210.000 0.594
15215.000 0.676
15220.000 0.839
15225.000 0.925
15230.000 1.104
15235.000 1.240
15240.000 1.295
15245.000 1.349
15250.000 1.348
15255.000 1.325
15260.000 1.288
15265.000 1.272
15270.000 1.244
15275.000 1.216
15280.000 1.193
15285.000 1.170
15290.000 1.168
15295.000 1.153
15300.000 1.156
15305.000 1.155
15310.000 1.169
15315.000 1.174
15320.000 1.191
15325.000 1.205
15330.000 1.231
15335.000 1.275
15340.000 1.300
15345.000 1.347
15350.000 1.372
15355.000 1.427
15360.000 1.459
15365.000 1.471
15370.000 1.471
15375.000 1.445
15380.000 1.360
15385.000 1.215
15390.000 1.137
15395.000 0.958
15400.000 0.867
15405.000 0.721
15410.000 0.600
15415.000 0.550
15420.000 0.465
15425.000 0.426
15430.000 0.370
15435.000 0.329
15440.000 0.309
15445.000 0.292
15450.000 0.289
15455.000 0.304
15460.000 0.324
15465.000 0.333
15470.000 0.371
15475.000 0.388
15480.000 0.448
15485.000 0.518
15490.000 0.565
15495.000 0.659
15500.000 0.710
15505.000 0.849
15510.000 1.006
15515.000 1.090
15520.000 1.275
15525.000 1.372
15530.000 1.559
15535.000 1.703
15540.000 1.750
15545.000 1.799
15550.000 1.793
15555.000 1.754
15560.000 1.691
15565.000 1.652
15570.000 1.582
15575.000 1.549
15580.000 1.484
15585.000 1.438
15590.000 1.421
15595.000 1.384
15600.000 1.368
15605.000 1.349
15610.000 1.333
15615.000 1.337
15620.000 1.339
15625.000 1.342
15630.000 1.352
15635.000 1.377
15640.000 1.380
15645.000 1.425
15650.000 1.436
15655.000 1.479
15660.000 1.535
15665.000 1.552
15670.000 1.599
15675.000 1.619
15680.000 1.627
15685.000 1.592
15690.000 1.557
15695.000 1.435
15700.000 1.355
15705.000 1.177
15710.000 0.984
15715.000 0.903
15720.000 0.747
15725.000 0.682
15730.000 0.568
15735.000 0.481
15740.000 0.434
15745.000 0.392
15750.000 0.373
15755.000 0.344
15760.000 0.340
15765.000 0.342
15770.000 0.366
15775.000 0.381
15780.000 0.422
15785.000 0.449
15790.000 0.511
15795.000 0.595
15800.000 0.643
15805.000 0.753
15810.000 0.810
15815.000 0.950
15820.000 1.086
15825.000 1.155
15830.000 1.273
15835.000 1.319
15840.000 1.365
15845.000 1.364
15850.000 1.349
15855.000 1.297
15860.000 1.267
15865.000 1.210
15870.000 1.162
15875.000 1.132
15880.000 1.093
15885.000 1.079
15890.000 1.046
15895.000 1.027
15900.000 1.019
15905.000 0.998
15910.000 0.997
15915.000 0.980
15920.000 0.969
15925.000 0.961
15930.000 0.950
15935.000 0.933
15940.000 0.896
15945.000 0.826
15950.000 0.785
15955.000 0.676
15960.000 0.550
15965.000 0.491
15970.000 0.388
15975.000 0.351
15980.000 0.300
15985.000 0.287
15990.000 0.275
15995.000 0.284
16000.000 0.294
