5.000 0.784
10.000 1.282
15.000 0.962
20.000 0.496
25.000 0.406
30.000 0.393
35.000 0.448
40.000 0.859
45.000 1.130
50.000 0.727
55.000 0.594
60.000 0.610
65.000 1.348
70.000 0.935
75.000 1.348
80.000 1.624
85.000 1.673
90.000 0.810
95.000 1.476
100.000 1.321
105.000 1.914
110.000 1.591
115.000 1.744
120.000 1.293
125.000 1.822
130.000 1.381
135.000 0.989
140.000 2.698
145.000 2.638
150.000 2.654
155.000 3.018
160.000 4.255
165.000 2.992
170.000 2.550
175.000 3.931
180.000 2.852
185.000 4.287
190.000 3.272
195.000 3.995
200.000 4.354
205.000 4.747
210.000 5.087
215.000 5.893
220.000 6.176
225.000 7.166
230.000 6.781
235.000 7.930
240.000 8.218
245.000 10.769
250.000 14.214
255.000 14.621
260.000 16.187
265.000 16.732
270.000 20.043
275.000 27.936
280.000 28.033
285.000 39.448
290.000 40.068
295.000 48.718
300.000 52.428
305.000 52.098
310.000 45.501
315.000 41.292
320.000 39.012
325.000 32.803
330.000 32.608
335.000 28.705
340.000 28.216
345.000 26.845
350.000 25.720
355.000 25.546
360.000 25.264
365.000 25.041
370.000 25.017
375.000 24.815
380.000 25.322
385.000 25.464
390.000 25.950
395.000 26.474
400.000 27.127
405.000 27.747
410.000 28.790
415.000 29.281
420.000 30.478
425.000 31.473
430.000 31.884
435.000 33.019
440.000 33.190
445.000 33.903
450.000 34.545
455.000 34.657
460.000 34.481
465.000 34.343
470.000 33.926
475.000 33.387
480.000 33.424
485.000 32.629
490.000 32.588
495.000 31.835
500.000 31.778
505.000 31.286
510.000 31.845
515.000 31.619
520.000 32.288
525.000 33.319
530.000 33.412
535.000 35.346
540.000 36.298
545.000 38.723
550.000 40.702
555.000 43.975
560.000 51.561
565.000 53.705
570.000 64.081
575.000 75.461
580.000 81.620
585.000 89.878
590.000 90.068
595.000 75.191
600.000 54.714
605.000 50.036
610.000 37.836
615.000 34.402
620.000 27.602
625.000 23.721
630.000 21.927
635.000 18.933
640.000 17.745
645.000 16.083
650.000 15.011
655.000 13.693
660.000 13.286
665.000 11.112
670.000 11.154
675.000 10.993
680.000 12.579
685.000 9.173
690.000 8.950
695.000 7.317
700.000 8.473
705.000 7.670
710.000 7.427
715.000 8.442
720.000 7.137
725.000 6.889
730.000 6.657
735.000 6.503
740.000 6.709
745.000 6.367
750.000 6.219
755.000 6.163
760.000 6.249
765.000 6.057
770.000 6.259
775.000 6.042
780.000 6.283
785.000 6.427
790.000 6.498
795.000 6.519
800.000 6.567
805.000 7.058
810.000 7.168
815.000 7.340
820.000 7.843
825.000 8.080
830.000 8.787
835.000 9.696
840.000 10.261
845.000 12.014
850.000 12.716
855.000 14.885
860.000 18.239
865.000 19.819
870.000 22.849
875.000 23.211
880.000 20.309
885.000 15.112
890.000 12.896
895.000 10.087
900.000 9.174
905.000 6.946
910.000 5.974
915.000 5.377
920.000 4.771
925.000 4.492
930.000 3.993
935.000 3.544
940.000 3.514
945.000 3.283
950.000 2.977
955.000 2.731
960.000 2.540
965.000 2.642
970.000 2.520
975.000 2.339
980.000 2.276
985.000 2.229
990.000 2.179
995.000 2.226
1000.000 2.116
1005.000 2.147
1010.000 2.159
1015.000 2.142
1020.000 2.191
1025.000 2.168
1030.000 2.265
1035.000 2.318
1040.000 2.260
1045.000 2.406
1050.000 2.461
1055.000 2.499
1060.000 2.615
1065.000 2.688
1070.000 2.839
1075.000 2.888
1080.000 3.062
1085.000 3.120
1090.000 3.417
1095.000 3.736
1100.000 3.868
1105.000 4.221
1110.000 4.510
1115.000 4.998
1120.000 5.693
1125.000 6.060
1130.000 7.169
1135.000 7.754
1140.000 9.601
1145.000 11.917
1150.000 13.435
1155.000 16.422
1160.000 17.503
1165.000 17.336
1170.000 14.279
1175.000 12.698
1180.000 10.465
1185.000 9.648
1190.000 8.449
1195.000 7.688
1200.000 7.482
1205.000 7.046
1210.000 6.754
1215.000 6.583
1220.000 6.388
1225.000 6.301
1230.000 6.160
1235.000 6.053
1240.000 5.953
1245.000 5.798
1250.000 5.784
1255.000 5.740
1260.000 5.730
1265.000 5.666
1270.000 5.671
1275.000 5.680
1280.000 5.661
1285.000 5.724
1290.000 5.802
1295.000 5.838
1305.000 5.976
1310.000 6.113
1320.000 6.385
1325.000 6.480
1330.000 6.730
1335.000 6.843
1340.000 7.182
1345.000 7.423
1350.000 7.641
1355.000 8.115
1360.000 8.222
1365.000 10.431
1370.000 9.413
1375.000 9.860
1380.000 10.534
1385.000 11.093
1390.000 12.234
1395.000 13.588
1400.000 14.415
1405.000 16.454
1410.000 17.646
1415.000 20.697
1420.000 24.861
1425.000 27.486
1430.000 34.234
1435.000 37.874
1440.000 47.377
1445.000 53.952
1450.000 53.942
1455.000 45.989
1460.000 40.439
1465.000 31.650
1470.000 25.801
1475.000 23.651
1480.000 20.255
1485.000 18.927
1490.000 16.833
1495.000 15.202
1500.000 14.567
1505.000 13.448
1510.000 12.962
1515.000 12.192
1520.000 11.575
1525.000 11.282
1530.000 10.845
1535.000 10.658
1540.000 10.354
1545.000 10.110
1550.000 9.996
1555.000 9.859
1560.000 9.790
1565.000 9.745
1570.000 9.716
1575.000 9.746
1580.000 9.808
1585.000 9.854
1590.000 9.979
1595.000 10.187
1600.000 10.628
1605.000 10.592
1610.000 10.652
1615.000 11.097
1620.000 11.268
1625.000 11.727
1630.000 12.280
1635.000 12.629
1640.000 13.323
1645.000 13.727
1650.000 14.646
1655.000 15.749
1660.000 16.336
1665.000 17.797
1670.000 18.630
1675.000 20.553
1680.000 22.977
1685.000 24.389
1690.000 27.797
1695.000 29.869
1700.000 35.008
1705.000 41.763
1710.000 45.874
1715.000 56.181
1720.000 62.323
1725.000 75.684
1730.000 86.109
1735.000 87.669
1740.000 80.296
1745.000 73.355
1750.000 59.914
1755.000 49.817
1760.000 45.927
1765.000 39.808
1770.000 37.303
1775.000 33.398
1780.000 30.411
1785.000 29.151
1790.000 27.076
1795.000 26.212
1800.000 24.708
1805.000 23.480
1810.000 22.979
1815.000 22.120
1820.000 21.764
1825.000 21.149
1830.000 20.659
1835.000 20.443
1840.000 20.123
1845.000 20.023
1850.000 19.847
1855.000 19.715
1860.000 19.712
1865.000 19.766
1870.000 19.801
1875.000 19.938
1880.000 20.190
1885.000 20.333
1890.000 20.680
1895.000 20.864
1900.000 21.378
1905.000 21.947
1910.000 22.269
1915.000 22.983
1920.000 23.421
1925.000 24.305
1930.000 25.407
1935.000 25.998
1940.000 27.244
1945.000 28.039
1950.000 29.538
1955.000 31.715
1960.000 32.744
1965.000 35.440
1970.000 36.892
1975.000 40.324
1980.000 44.477
1985.000 46.916
1990.000 52.597
1995.000 55.917
2000.000 63.772
2005.000 73.222
2010.000 78.496
2015.000 89.318
2020.000 94.201
2025.000 100.417
2030.000 98.606
2035.000 94.492
2040.000 82.708
2045.000 76.409
2050.000 65.007
2055.000 55.792
2060.000 51.955
2065.000 45.517
2070.000 42.832
2075.000 38.279
2080.000 34.620
2085.000 33.033
2090.000 30.332
2095.000 29.144
2100.000 27.105
2105.000 25.361
2110.000 24.605
2115.000 23.263
2120.000 22.670
2125.000 21.618
2130.000 20.733
2135.000 20.362
2140.000 19.647
2145.000 19.334
2150.000 18.834
2155.000 18.425
2160.000 18.232
2165.000 17.951
2170.000 17.841
2175.000 17.682
2180.000 17.607
2185.000 17.577
2190.000 17.624
2195.000 17.676
2200.000 17.853
2205.000 17.960
2210.000 18.306
2215.000 18.712
2220.000 18.977
2225.000 19.595
2230.000 19.949
2235.000 20.793
2240.000 21.836
2245.000 22.412
2250.000 23.860
2255.000 24.668
2260.000 26.608
2265.000 29.019
2270.000 30.429
2275.000 33.864
2280.000 35.944
2285.000 41.007
2290.000 47.660
2295.000 51.788
2300.000 61.802
2305.000 67.742
2310.000 80.308
2315.000 89.584
2320.000 90.395
2325.000 81.751
2330.000 74.121
2335.000 59.375
2340.000 48.338
2345.000 44.082
2350.000 37.319
2355.000 34.655
2360.000 30.301
2365.000 26.994
2370.000 25.600
2375.000 23.248
2380.000 22.267
2385.000 20.556
2390.000 19.139
2395.000 18.520
2400.000 17.466
2405.000 17.003
2410.000 16.165
2415.000 15.497
2420.000 15.182
2425.000 14.665
2430.000 14.449
2435.000 14.044
2440.000 13.739
2445.000 13.610
2450.000 13.386
2455.000 13.303
2460.000 13.192
2465.000 13.133
2470.000 13.125
2475.000 13.132
2480.000 13.187
2485.000 13.290
2490.000 13.477
2495.000 13.590
2500.000 13.883
2505.000 14.060
2510.000 14.477
2515.000 14.977
2520.000 15.293
2525.000 15.999
2530.000 16.422
2535.000 17.378
2540.000 18.551
2545.000 19.274
2550.000 20.901
2555.000 21.866
2560.000 24.250
2565.000 27.310
2570.000 29.206
2575.000 33.947
2580.000 36.925
2585.000 44.599
2590.000 54.900
2595.000 61.014
2600.000 72.919
2605.000 76.647
2610.000 72.928
2615.000 57.124
2620.000 49.565
2625.000 38.570
2630.000 34.567
2635.000 28.508
2640.000 24.206
2645.000 22.485
2650.000 19.721
2655.000 18.597
2660.000 16.683
2665.000 15.149
2670.000 14.539
2675.000 13.417
2680.000 12.951
2685.000 12.115
2690.000 11.419
2695.000 11.114
2700.000 10.593
2705.000 10.361
2710.000 9.955
2715.000 9.634
2720.000 9.498
2725.000 9.243
2730.000 9.150
2735.000 8.995
2740.000 8.873
2745.000 8.837
2750.000 8.788
2755.000 8.780
2760.000 8.785
2765.000 8.846
2770.000 8.901
2775.000 9.032
2780.000 9.129
2785.000 9.346
2790.000 9.492
2795.000 9.797
2800.000 10.182
2805.000 10.400
2810.000 10.922
2815.000 11.226
2820.000 11.952
2825.000 12.813
2830.000 13.327
2835.000 14.525
2840.000 15.253
2845.000 16.950
2850.000 19.187
2855.000 20.549
2860.000 23.993
2865.000 26.172
2870.000 31.844
2875.000 39.866
2880.000 44.987
2885.000 56.816
2890.000 62.374
2895.000 66.134
2900.000 54.357
2905.000 46.466
2910.000 35.093
2915.000 31.168
2920.000 25.404
2925.000 21.470
2930.000 19.945
2935.000 17.505
2940.000 16.519
2945.000 14.856
2950.000 13.567
2955.000 13.016
2960.000 12.078
2965.000 11.675
2970.000 10.970
2975.000 10.387
2980.000 10.131
2985.000 9.695
2990.000 9.506
2995.000 9.171
3000.000 8.902
3005.000 8.788
3010.000 8.577
3015.000 8.502
3020.000 8.344
3025.000 8.273
3030.000 8.224
3035.000 8.185
3040.000 8.169
3045.000 8.177
3050.000 8.236
3055.000 8.264
3060.000 8.368
3065.000 8.419
3075.000 8.805
3080.000 8.921
3085.000 9.218
3090.000 9.384
3095.000 9.791
3100.000 10.271
3105.000 10.541
3110.000 11.190
3115.000 11.567
3120.000 12.460
3125.000 13.569
3130.000 14.231
3135.000 15.823
3140.000 16.802
3145.000 19.215
3150.000 22.469
3155.000 24.573
3160.000 29.956
3165.000 33.398
3170.000 41.898
3175.000 50.778
3180.000 53.511
3185.000 50.217
3190.000 44.344
3195.000 32.742
3200.000 25.306
3205.000 22.649
3210.000 18.673
3215.000 17.166
3220.000 14.766
3225.000 12.971
3230.000 12.251
3235.000 11.029
3240.000 10.498
3245.000 9.631
3250.000 8.934
3255.000 8.624
3260.000 8.094
3265.000 7.863
3270.000 7.468
3275.000 7.135
3280.000 6.977
3285.000 6.723
3290.000 6.636
3295.000 6.452
3300.000 6.306
3305.000 6.246
3310.000 6.169
3315.000 6.128
3320.000 6.107
3325.000 6.085
3330.000 6.099
3335.000 6.122
3340.000 6.178
3345.000 6.269
3350.000 6.379
3355.000 6.462
3360.000 6.640
3365.000 6.750
3370.000 7.000
3375.000 7.311
3380.000 7.486
3385.000 7.880
3390.000 8.111
3395.000 8.682
3400.000 9.336
3405.000 9.742
3410.000 10.669
3415.000 11.207
3420.000 12.493
3425.000 14.210
3430.000 15.232
3435.000 17.814
3440.000 19.441
3445.000 23.575
3450.000 29.272
3455.000 32.742
3460.000 40.317
3465.000 43.479
3470.000 44.666
3475.000 37.204
3480.000 32.543
3485.000 25.366
3490.000 22.739
3495.000 18.800
3500.000 16.070
3505.000 14.990
3510.000 13.230
3515.000 12.513
3520.000 11.341
3525.000 10.373
3530.000 9.987
3535.000 9.305
3540.000 9.010
3545.000 8.508
3550.000 8.081
3555.000 7.891
3560.000 7.565
3565.000 7.423
3570.000 7.181
3575.000 6.970
3580.000 6.887
3585.000 6.752
3590.000 6.693
3595.000 6.599
3600.000 6.518
3605.000 6.487
3610.000 6.463
3615.000 6.458
3620.000 6.457
3625.000 6.488
3630.000 6.527
3635.000 6.617
3640.000 6.661
3645.000 6.796
3650.000 6.894
3655.000 7.051
3660.000 7.291
3665.000 7.420
3670.000 7.729
3675.000 7.896
3680.000 8.323
3685.000 8.828
3690.000 9.125
3695.000 9.831
3700.000 10.219
3705.000 11.214
3710.000 12.435
3715.000 13.210
3720.000 15.064
3725.000 16.255
3730.000 19.250
3735.000 23.437
3740.000 26.140
3745.000 32.671
3750.000 36.289
3755.000 41.421
3760.000 38.531
3765.000 33.937
3770.000 25.034
3775.000 21.903
3780.000 17.331
3785.000 14.284
3790.000 13.142
3795.000 11.288
3800.000 10.526
3805.000 9.352
3810.000 8.394
3815.000 8.034
3820.000 7.338
3825.000 7.044
3830.000 6.554
3835.000 6.152
3840.000 5.961
3845.000 5.666
3850.000 5.534
3855.000 5.305
3860.000 5.104
3865.000 5.033
3870.000 4.906
3875.000 4.832
3880.000 4.744
3885.000 4.668
3890.000 4.659
3895.000 4.621
3900.000 4.625
3905.000 4.632
3910.000 4.657
3915.000 4.687
3920.000 4.743
3925.000 4.786
3930.000 4.905
3935.000 5.046
3940.000 5.136
3945.000 5.311
3950.000 5.426
3955.000 5.673
3960.000 5.995
3965.000 6.164
3970.000 6.574
3975.000 6.809
3980.000 7.366
3985.000 8.073
3990.000 8.471
3995.000 9.454
4000.000 10.051
4005.000 11.507
4010.000 13.480
4015.000 14.720
4020.000 17.944
4025.000 20.031
4030.000 25.378
4035.000 32.068
4040.000 35.202
4045.000 37.292
4050.000 34.798
4055.000 25.939
4060.000 19.441
4065.000 17.175
4070.000 13.909
4075.000 12.673
4080.000 10.777
4085.000 9.396
4090.000 8.838
4095.000 7.920
4100.000 7.552
4105.000 6.919
4110.000 6.432
4115.000 6.215
4120.000 5.873
4125.000 5.715
4130.000 5.469
4135.000 5.246
4140.000 5.174
4145.000 5.034
4150.000 4.978
4155.000 4.862
4160.000 4.790
4165.000 4.763
4170.000 4.723
4175.000 4.720
4180.000 4.706
4185.000 4.725
4190.000 4.744
4195.000 4.775
4200.000 4.810
4205.000 4.871
4210.000 4.984
4215.000 5.048
4220.000 5.170
4225.000 5.262
4230.000 5.431
4235.000 5.540
4240.000 5.801
4245.000 6.095
4250.000 6.250
4255.000 6.645
4260.000 6.868
4265.000 7.381
4270.000 8.014
4275.000 8.376
4280.000 9.261
4285.000 9.786
4290.000 11.085
4295.000 12.787
4300.000 13.858
4305.000 16.581
4310.000 18.318
4315.000 22.846
4320.000 28.816
4325.000 32.100
4330.000 37.027
4335.000 37.146
4340.000 31.216
4345.000 23.543
4350.000 20.752
4355.000 16.713
4360.000 15.241
4365.000 12.972
4370.000 11.342
4375.000 10.692
4380.000 9.624
4385.000 9.210
4390.000 8.475
4395.000 7.906
4400.000 7.651
4405.000 7.249
4410.000 7.077
4415.000 6.780
4420.000 6.575
4425.000 6.465
4430.000 6.314
4435.000 6.258
4440.000 6.161
4445.000 6.121
4450.000 6.095
4455.000 6.099
4460.000 6.103
4465.000 6.152
4470.000 6.227
4475.000 6.268
4480.000 6.390
4485.000 6.468
4490.000 6.624
4495.000 6.844
4500.000 6.960
4505.000 7.216
4510.000 7.384
4515.000 7.730
4520.000 8.122
4525.000 8.344
4530.000 8.888
4535.000 9.189
4540.000 9.849
4545.000 10.623
4550.000 11.069
4555.000 12.113
4560.000 12.700
4565.000 14.091
4570.000 15.841
4575.000 16.896
4580.000 19.439
4585.000 20.989
4590.000 24.914
4595.000 30.293
4600.000 33.696
4605.000 42.351
4610.000 47.517
4615.000 57.937
4620.000 62.343
4625.000 59.656
4630.000 47.404
4635.000 41.425
4640.000 32.622
4645.000 26.767
4650.000 24.533
4655.000 21.139
4660.000 19.711
4665.000 17.500
4670.000 15.755
4675.000 15.033
4680.000 13.787
4685.000 13.270
4690.000 12.351
4695.000 11.604
4700.000 11.270
4705.000 10.690
4710.000 10.439
4715.000 10.009
4720.000 9.629
4725.000 9.468
4730.000 9.200
4735.000 9.076
4740.000 8.862
4745.000 8.682
4750.000 8.618
4755.000 8.520
4760.000 8.478
4765.000 8.425
4770.000 8.412
4775.000 8.413
4780.000 8.460
4785.000 8.493
4790.000 8.584
4795.000 8.713
4800.000 8.798
4805.000 9.022
4810.000 9.135
4815.000 9.421
4820.000 9.786
4825.000 9.991
4830.000 10.517
4835.000 10.822
4840.000 11.504
4845.000 11.879
4850.000 12.822
4855.000 13.993
4860.000 14.690
4865.000 16.400
4870.000 17.459
4875.000 20.059
4880.000 23.643
4885.000 25.907
4890.000 31.774
4895.000 35.433
4900.000 43.901
4905.000 50.859
4910.000 51.506
4915.000 44.143
4920.000 38.195
4925.000 28.736
4930.000 22.667
4935.000 20.453
4940.000 17.089
4945.000 15.773
4950.000 13.689
4955.000 12.100
4960.000 11.438
4965.000 10.342
4970.000 9.884
4975.000 9.093
4980.000 8.447
4985.000 8.167
4990.000 7.682
4995.000 7.476
5000.000 7.107
5005.000 6.799
5010.000 6.669
5015.000 6.429
5020.000 6.335
5025.000 6.171
5030.000 6.035
5035.000 5.981
5040.000 5.906
5045.000 5.883
5050.000 5.849
5055.000 5.836
5060.000 5.838
5065.000 5.869
5070.000 5.896
5075.000 5.987
5080.000 6.072
5085.000 6.164
5090.000 6.330
5095.000 6.422
5100.000 6.648
5105.000 6.944
5110.000 7.095
5115.000 7.475
5120.000 7.693
5125.000 8.235
5130.000 8.861
5135.000 9.241
5140.000 10.111
5145.000 10.621
5150.000 11.881
5155.000 13.509
5160.000 14.513
5165.000 17.043
5170.000 18.657
5175.000 22.780
5180.000 28.525
5185.000 32.007
5190.000 39.268
5195.000 41.945
5200.000 41.202
5205.000 32.478
5210.000 28.132
5215.000 21.847
5220.000 19.603
5225.000 16.235
5230.000 13.858
5235.000 12.935
5240.000 11.415
5245.000 10.796
5250.000 9.775
5255.000 8.952
5260.000 8.591
5265.000 8.002
5270.000 7.737
5275.000 7.289
5280.000 6.921
5285.000 6.766
5290.000 6.483
5295.000 6.350
5300.000 6.146
5305.000 5.966
5310.000 5.892
5315.000 5.759
5320.000 5.700
5325.000 5.619
5330.000 5.553
5335.000 5.542
5340.000 5.516
5345.000 5.509
5350.000 5.528
5355.000 5.558
5360.000 5.594
5365.000 5.663
5370.000 5.705
5375.000 5.825
5380.000 5.983
5385.000 6.062
5390.000 6.276
5395.000 6.386
5400.000 6.682
5405.000 7.004
5410.000 7.201
5415.000 7.681
5420.000 7.929
5425.000 8.617
5430.000 8.989
5435.000 9.899
5440.000 11.064
5450.000 13.316
5455.000 15.614
5460.000 17.080
5465.000 20.815
5470.000 23.139
5475.000 28.618
5480.000 33.612
5485.000 34.657
5490.000 31.336
5495.000 27.634
5500.000 20.999
5505.000 16.575
5515.000 12.314
5520.000 11.381
5525.000 9.892
5530.000 9.302
5535.000 8.309
5540.000 7.535
5545.000 7.206
5550.000 6.654
5555.000 6.404
5560.000 5.990
5565.000 5.661
5570.000 5.492
5575.000 5.259
5580.000 5.141
5585.000 4.956
5590.000 4.791
5595.000 4.734
5600.000 4.612
5605.000 4.581
5610.000 4.496
5615.000 4.451
5620.000 4.422
5625.000 4.408
5630.000 4.413
5635.000 4.420
5640.000 4.452
5645.000 4.475
5650.000 4.542
5655.000 4.602
5660.000 4.700
5665.000 4.827
5670.000 4.914
5675.000 5.095
5680.000 5.196
5685.000 5.435
5690.000 5.738
5695.000 5.903
5700.000 6.301
5705.000 6.529
5710.000 7.070
5715.000 7.712
5720.000 8.110
5725.000 9.034
5730.000 9.612
5735.000 10.962
5740.000 12.820
5745.000 13.972
5750.000 16.889
5755.000 18.718
5760.000 23.206
5765.000 28.159
5770.000 30.076
5775.000 30.271
5780.000 28.108
5785.000 22.016
5790.000 17.274
5795.000 15.521
5800.000 12.881
5805.000 11.869
5810.000 10.261
5815.000 9.065
5820.000 8.582
5825.000 7.760
5830.000 7.407
5835.000 6.821
5840.000 6.350
5845.000 6.142
5850.000 5.788
5855.000 5.630
5860.000 5.363
5865.000 5.133
5870.000 5.046
5875.000 4.876
5880.000 4.798
5885.000 4.671
5890.000 4.570
5895.000 4.527
5900.000 4.460
5905.000 4.437
5910.000 4.391
5915.000 4.375
5920.000 4.374
5925.000 4.379
5930.000 4.396
5935.000 4.418
5940.000 4.475
5945.000 4.532
5950.000 4.622
5955.000 4.680
5960.000 4.807
5965.000 4.892
5970.000 5.076
5975.000 5.298
5980.000 5.409
5985.000 5.722
5990.000 5.882
5995.000 6.290
6000.000 6.799
6005.000 7.078
6010.000 7.787
6015.000 8.202
6020.000 9.217
6025.000 10.556
6030.000 11.385
6035.000 13.504
6040.000 14.842
6045.000 18.194
6050.000 22.406
6055.000 24.554
6060.000 27.162
6065.000 26.749
6070.000 22.239
6075.000 17.071
6080.000 15.128
6085.000 12.226
6090.000 11.133
6095.000 9.457
6100.000 8.207
6105.000 7.721
6110.000 6.903
6115.000 6.566
6120.000 5.990
6125.000 5.532
6130.000 5.329
6135.000 5.007
6140.000 4.845
6145.000 4.598
6150.000 4.395
6155.000 4.298
6160.000 4.150
6165.000 4.082
6170.000 3.970
6175.000 3.884
6180.000 3.836
6185.000 3.777
6190.000 3.757
6195.000 3.719
6200.000 3.712
6205.000 3.710
6210.000 3.726
6215.000 3.734
6220.000 3.764
6225.000 3.828
6230.000 3.863
6235.000 3.939
6240.000 4.003
6245.000 4.131
6250.000 4.275
6255.000 4.368
6260.000 4.568
6265.000 4.693
6270.000 4.948
6275.000 5.277
6280.000 5.459
6285.000 5.895
6290.000 6.154
6295.000 6.751
6300.000 7.511
6305.000 7.959
6310.000 9.087
6315.000 9.774
6320.000 11.496
6325.000 13.880
6330.000 15.386
6335.000 19.102
6340.000 21.251
6345.000 25.234
6350.000 26.122
6355.000 24.545
6360.000 19.267
6365.000 16.905
6370.000 13.412
6375.000 11.051
6380.000 10.147
6385.000 8.731
6390.000 8.177
6395.000 7.256
6400.000 6.545
6405.000 6.247
6410.000 5.746
6415.000 5.529
6420.000 5.165
6425.000 4.858
6430.000 4.715
6435.000 4.483
6440.000 4.385
6445.000 4.205
6450.000 4.060
6455.000 3.999
6460.000 3.886
6465.000 3.843
6470.000 3.761
6475.000 3.699
6480.000 3.681
6485.000 3.647
6490.000 3.635
6495.000 3.622
6500.000 3.631
6505.000 3.637
6510.000 3.662
6515.000 3.685
6520.000 3.730
6525.000 3.801
6530.000 3.859
6535.000 3.958
6540.000 4.034
6545.000 4.180
6550.000 4.270
6555.000 4.457
6560.000 4.705
6565.000 4.846
6570.000 5.172
6575.000 5.369
6580.000 5.813
6585.000 6.385
6590.000 6.714
6595.000 7.530
6600.000 8.028
6605.000 9.256
6610.000 10.925
6615.000 11.969
6620.000 14.571
6625.000 16.140
6630.000 19.514
6635.000 21.803
6640.000 21.750
6645.000 18.752
6650.000 16.618
6655.000 13.021
6660.000 10.551
6665.000 9.620
6670.000 8.173
6675.000 7.606
6680.000 6.693
6685.000 5.981
6690.000 5.697
6695.000 5.214
6700.000 4.993
6705.000 4.652
6710.000 4.365
6715.000 4.241
6720.000 4.021
6725.000 3.929
6730.000 3.765
6735.000 3.636
6740.000 3.579
6745.000 3.482
6750.000 3.446
6755.000 3.377
6760.000 3.326
6765.000 3.305
6770.000 3.279
6775.000 3.277
6780.000 3.272
6785.000 3.280
6790.000 3.290
6795.000 3.334
6800.000 3.360
6805.000 3.411
6810.000 3.486
6815.000 3.534
6820.000 3.633
6825.000 3.697
6830.000 3.840
6835.000 4.023
6840.000 4.120
6845.000 4.346
6850.000 4.483
6855.000 4.785
6860.000 5.166
6865.000 5.380
6870.000 5.896
6875.000 6.192
6880.000 6.924
6885.000 7.863
6890.000 8.447
6895.000 9.864
6900.000 10.753
6905.000 12.938
6910.000 15.678
6915.000 17.149
6920.000 19.546
6925.000 19.985
6930.000 18.426
6935.000 14.957
6940.000 13.347
6945.000 10.810
6950.000 9.833
6955.000 8.320
6960.000 7.205
6965.000 6.761
6970.000 6.012
6975.000 5.709
6980.000 5.202
6985.000 4.774
6990.000 4.598
6995.000 4.293
7000.000 4.162
7005.000 3.934
7010.000 3.725
7015.000 3.650
7020.000 3.495
7025.000 3.434
7030.000 3.321
7035.000 3.233
7040.000 3.193
7045.000 3.118
7050.000 3.104
7055.000 3.052
7060.000 3.025
7065.000 3.009
7070.000 3.008
7075.000 2.995
7080.000 3.008
7085.000 3.033
7090.000 3.046
7095.000 3.095
7100.000 3.118
7105.000 3.190
7110.000 3.278
7115.000 3.323
7120.000 3.446
7125.000 3.522
7130.000 3.675
7135.000 3.781
7140.000 3.996
7145.000 4.274
7150.000 4.428
7155.000 4.794
7160.000 5.009
7165.000 5.537
7170.000 6.192
7175.000 6.601
7180.000 7.587
7185.000 8.220
7190.000 9.751
7195.000 11.821
7200.000 13.053
7205.000 15.712
7210.000 16.901
7215.000 17.743
7220.000 15.715
7225.000 14.087
7230.000 11.173
7235.000 10.039
7240.000 8.302
7245.000 7.069
7250.000 6.605
7255.000 5.799
7260.000 5.482
7265.000 4.951
7270.000 4.531
7275.000 4.349
7280.000 4.060
7285.000 3.923
7290.000 3.707
7295.000 3.520
7300.000 3.442
7305.000 3.305
7310.000 3.243
7315.000 3.141
7320.000 3.065
7325.000 3.031
7330.000 2.967
7335.000 2.942
7340.000 2.916
7345.000 2.886
7350.000 2.892
7355.000 2.885
7360.000 2.884
7365.000 2.897
7370.000 2.928
7375.000 2.944
7380.000 2.995
7385.000 3.021
7390.000 3.098
7395.000 3.174
7400.000 3.226
7405.000 3.349
7410.000 3.412
7415.000 3.571
7420.000 3.757
7425.000 3.865
7430.000 4.129
7435.000 4.269
7440.000 4.619
7445.000 4.807
7450.000 5.276
7455.000 5.870
7460.000 6.218
7465.000 7.086
7470.000 7.623
7475.000 8.944
7480.000 10.734
7485.000 11.820
7490.000 14.400
7495.000 15.757
7500.000 17.793
7505.000 17.321
7510.000 15.965
7515.000 12.660
7520.000 11.256
7525.000 9.089
7530.000 7.587
7535.000 7.002
7540.000 6.078
7545.000 5.694
7550.000 5.081
7555.000 4.594
7560.000 4.387
7565.000 4.037
7570.000 3.889
7575.000 3.623
7580.000 3.410
7585.000 3.318
7590.000 3.151
7595.000 3.018
7600.000 2.966
7605.000 2.858
7610.000 2.810
7615.000 2.728
7620.000 2.672
7625.000 2.646
7630.000 2.608
7635.000 2.591
7640.000 2.561
7645.000 2.553
7650.000 2.563
7655.000 2.548
7660.000 2.558
7665.000 2.579
7670.000 2.621
7675.000 2.645
7680.000 2.698
7685.000 2.730
7690.000 2.811
7695.000 2.915
7700.000 2.967
7705.000 3.107
7710.000 3.190
7715.000 3.366
7720.000 3.593
7725.000 3.719
7730.000 4.053
7735.000 4.241
7740.000 4.681
7745.000 4.937
7750.000 5.562
7755.000 6.414
7760.000 6.947
7765.000 8.208
7770.000 9.004
7775.000 10.938
7780.000 13.123
7785.000 14.091
7790.000 14.939
7795.000 14.446
7800.000 12.156
7805.000 9.752
7810.000 8.788
7815.000 7.310
7820.000 6.737
7825.000 5.823
7830.000 5.145
7835.000 4.862
7840.000 4.407
7845.000 4.208
7850.000 3.893
7855.000 3.627
7860.000 3.512
7865.000 3.323
7870.000 3.239
7875.000 3.093
7880.000 2.970
7885.000 2.925
7890.000 2.836
7895.000 2.801
7900.000 2.731
7905.000 2.690
7910.000 2.662
7915.000 2.634
7920.000 2.632
7925.000 2.609
7930.000 2.598
7935.000 2.606
7940.000 2.624
7945.000 2.635
7950.000 2.663
7955.000 2.708
7960.000 2.737
7965.000 2.807
7970.000 2.845
7975.000 2.930
7980.000 3.024
7985.000 3.090
7990.000 3.211
7995.000 3.286
8000.000 3.462
8005.000 3.657
8010.000 3.760
8015.000 4.023
8020.000 4.181
8025.000 4.589
8030.000 4.813
8035.000 5.358
8040.000 6.067
8045.000 6.491
8050.000 7.556
8055.000 8.217
8060.000 9.788
8065.000 11.704
8070.000 12.681
8075.000 14.076
8080.000 14.162
8085.000 12.723
8090.000 10.359
8095.000 9.353
8100.000 7.818
8105.000 7.186
8110.000 6.112
8115.000 5.288
8120.000 4.960
8125.000 4.390
8130.000 4.163
8135.000 3.777
8140.000 3.464
8145.000 3.326
8150.000 3.064
8155.000 2.969
8160.000 2.783
8165.000 2.640
8170.000 2.577
8175.000 2.458
8180.000 2.419
8185.000 2.335
8190.000 2.267
8195.000 2.240
8200.000 2.187
8205.000 2.166
8210.000 2.137
8215.000 2.118
8220.000 2.128
8225.000 2.135
8230.000 2.127
8235.000 2.129
8240.000 2.136
8245.000 2.159
8250.000 2.183
8255.000 2.205
8260.000 2.248
8265.000 2.325
8270.000 2.359
8275.000 2.436
8280.000 2.497
8285.000 2.609
8290.000 2.725
8295.000 2.797
8300.000 2.978
8305.000 3.085
8310.000 3.365
8315.000 3.702
8320.000 3.916
8325.000 4.451
8330.000 4.750
8335.000 5.505
8340.000 6.497
8345.000 7.105
8350.000 8.579
8355.000 9.433
8360.000 11.129
8365.000 12.114
8370.000 12.005
8375.000 10.558
8380.000 9.560
8385.000 7.802
8390.000 6.493
8395.000 5.987
8400.000 5.182
8405.000 4.858
8410.000 4.345
8415.000 3.945
8420.000 3.773
8425.000 3.479
8430.000 3.362
8435.000 3.163
8440.000 2.982
8445.000 2.919
8450.000 2.793
8455.000 2.738
8460.000 2.637
8465.000 2.559
8470.000 2.524
8475.000 2.455
8480.000 2.424
8485.000 2.387
8490.000 2.360
8495.000 2.356
8500.000 2.342
8505.000 2.345
8510.000 2.347
8515.000 2.360
8520.000 2.378
8525.000 2.403
8530.000 2.417
8535.000 2.463
8540.000 2.522
8545.000 2.547
8550.000 2.629
8555.000 2.669
8560.000 2.772
8565.000 2.842
8570.000 2.878
8575.000 2.936
8580.000 2.991
8585.000 3.151
8590.000 3.371
8595.000 3.497
8600.000 3.809
8605.000 3.990
8610.000 4.402
8615.000 4.947
8620.000 5.310
8625.000 6.120
8630.000 6.622
8635.000 7.843
8640.000 8.575
8645.000 10.203
8650.000 11.674
8655.000 12.045
8660.000 11.469
8665.000 10.579
8670.000 8.519
8675.000 6.887
8680.000 6.274
8685.000 5.317
8690.000 4.927
8695.000 4.287
8700.000 3.785
8705.000 3.565
8710.000 3.203
8715.000 3.058
8720.000 2.800
8725.000 2.592
8730.000 2.508
8735.000 2.348
8740.000 2.274
8745.000 2.153
8750.000 2.057
8755.000 2.010
8760.000 1.941
8765.000 1.901
8770.000 1.846
8775.000 1.797
8780.000 1.782
8785.000 1.744
8790.000 1.728
8795.000 1.708
8800.000 1.694
8805.000 1.696
8810.000 1.694
8815.000 1.702
8820.000 1.725
8825.000 1.738
8830.000 1.764
8835.000 1.798
8840.000 1.820
8845.000 1.879
8850.000 1.950
8855.000 1.989
8860.000 2.086
8865.000 2.131
8870.000 2.258
8875.000 2.422
8880.000 2.509
8885.000 2.735
8890.000 2.857
8895.000 3.166
8900.000 3.555
8905.000 3.783
8910.000 4.343
8915.000 4.680
8920.000 5.492
8925.000 6.421
8930.000 6.958
8935.000 8.203
8940.000 8.843
8945.000 9.648
8950.000 9.160
8955.000 8.497
8960.000 7.030
8965.000 6.392
8970.000 5.395
8975.000 4.647
8980.000 4.355
8985.000 3.880
8990.000 3.693
8995.000 3.365
9000.000 3.110
9005.000 3.005
9010.000 2.824
9015.000 2.745
9020.000 2.605
9025.000 2.500
9030.000 2.446
9035.000 2.364
9040.000 2.328
9045.000 2.283
9050.000 2.238
9055.000 2.220
9060.000 2.179
9065.000 2.158
9070.000 2.122
9075.000 2.104
9080.000 2.087
9085.000 2.098
9090.000 2.096
9095.000 2.099
9100.000 2.119
9105.000 2.129
9110.000 2.166
9115.000 2.180
9120.000 2.218
9125.000 2.278
9130.000 2.314
9135.000 2.386
9140.000 2.425
9145.000 2.518
9150.000 2.639
9155.000 2.708
9160.000 2.867
9165.000 2.949
9170.000 3.165
9175.000 3.407
9180.000 3.554
9185.000 3.909
9190.000 4.108
9195.000 4.584
9200.000 5.180
9205.000 5.529
9210.000 6.392
9215.000 6.974
9220.000 8.169
9225.000 8.749
9230.000 9.534
9235.000 9.237
9240.000 8.659
9245.000 7.164
9250.000 6.462
9255.000 5.304
9260.000 4.455
9265.000 4.116
9270.000 3.560
9275.000 3.337
9280.000 2.957
9285.000 2.667
9290.000 2.551
9295.000 2.326
9300.000 2.238
9305.000 2.081
9310.000 1.947
9315.000 1.890
9320.000 1.786
9325.000 1.731
9330.000 1.663
9335.000 1.587
9340.000 1.552
9345.000 1.491
9350.000 1.466
9355.000 1.420
9360.000 1.395
9365.000 1.402
9370.000 1.392
9375.000 1.394
9380.000 1.389
9385.000 1.403
9390.000 1.410
9395.000 1.421
9400.000 1.433
9405.000 1.457
9410.000 1.493
9415.000 1.506
9420.000 1.567
9425.000 1.585
9430.000 1.657
9435.000 1.744
9440.000 1.789
9445.000 1.906
9450.000 1.960
9455.000 2.122
9460.000 2.307
9465.000 2.415
9470.000 2.684
9475.000 3.209
9480.000 3.209
9485.000 3.662
9490.000 3.934
9495.000 4.518
9500.000 4.843
9505.000 5.539
9510.000 6.455
9515.000 6.922
9520.000 7.657
9525.000 7.746
9530.000 7.200
9535.000 6.152
9540.000 5.649
9545.000 4.811
9550.000 4.476
9555.000 3.935
9560.000 3.516
9565.000 3.346
9570.000 3.077
9575.000 2.959
9585.000 2.627
9590.000 2.554
9595.000 2.437
9600.000 2.340
9605.000 2.293
9610.000 2.234
9615.000 2.198
9620.000 2.143
9625.000 2.105
9630.000 2.095
9635.000 2.061
9640.000 2.057
9645.000 2.047
9650.000 2.048
9660.000 2.054
9665.000 2.063
9670.000 2.067
9675.000 2.056
9680.000 2.059
9685.000 2.076
9690.000 2.079
9695.000 2.120
9700.000 2.165
9705.000 2.188
9710.000 2.271
9715.000 2.298
9720.000 2.386
9725.000 2.490
9730.000 2.562
9735.000 2.696
9740.000 2.774
9745.000 2.962
9750.000 3.074
9755.000 3.316
9760.000 3.629
9765.000 3.819
9770.000 4.259
9775.000 4.523
9780.000 5.162
9785.000 5.980
9790.000 6.463
9795.000 7.554
9800.000 8.119
9805.000 9.058
9810.000 9.213
9815.000 8.863
9820.000 7.592
9825.000 6.875
9830.000 5.616
9835.000 4.645
9840.000 4.252
9845.000 3.603
9850.000 3.357
9855.000 2.946
9860.000 2.621
9865.000 2.492
9870.000 2.259
9875.000 2.160
9880.000 1.988
9885.000 1.852
9890.000 1.795
9895.000 1.688
9900.000 1.637
9905.000 1.562
9910.000 1.492
9915.000 1.462
9920.000 1.401
9925.000 1.377
9930.000 1.334
9935.000 1.307
9940.000 1.287
9945.000 1.279
9950.000 1.260
9955.000 1.251
9960.000 1.244
9965.000 1.247
9970.000 1.248
9975.000 1.254
9980.000 1.269
9985.000 1.307
9990.000 1.316
9995.000 1.367
10000.000 1.408
10005.000 1.485
10010.000 1.575
10015.000 1.618
10020.000 1.705
10025.000 1.755
10030.000 1.877
10035.000 2.025
10040.000 2.113
10045.000 2.323
10050.000 2.459
10055.000 2.764
10060.000 3.166
10065.000 3.411
10070.000 4.002
10075.000 4.363
10080.000 5.220
10085.000 6.230
10090.000 6.726
10095.000 7.439
10100.000 7.535
10105.000 7.034
10110.000 6.047
10115.000 5.547
10120.000 4.724
10125.000 4.379
10130.000 3.831
10135.000 3.417
10140.000 3.244
10145.000 2.961
10150.000 2.848
10155.000 2.644
10160.000 2.485
10165.000 2.408
10170.000 2.301
10175.000 2.267
10180.000 2.209
10185.000 2.175
10190.000 2.156
10195.000 2.115
10200.000 2.081
10205.000 2.041
10210.000 2.003
10215.000 1.981
10220.000 1.956
10225.000 1.951
10230.000 1.938
10235.000 1.921
10240.000 1.926
10245.000 1.931
10250.000 1.936
10255.000 1.939
10260.000 1.970
10265.000 1.976
10270.000 2.019
10275.000 2.034
10280.000 2.076
10285.000 2.145
10290.000 2.171
10295.000 2.239
10300.000 2.284
10305.000 2.386
10310.000 2.503
10315.000 2.580
10320.000 2.746
10325.000 2.838
10330.000 3.049
10335.000 3.187
10340.000 3.483
10345.000 3.857
10350.000 4.085
10355.000 4.620
10360.000 4.945
10365.000 5.683
10370.000 6.515
10375.000 6.921
10380.000 7.471
10385.000 7.523
10390.000 6.981
10395.000 5.916
10400.000 5.362
10405.000 4.420
10410.000 4.032
10415.000 3.393
10420.000 2.930
10425.000 2.735
10430.000 2.403
10435.000 2.266
10440.000 2.033
10445.000 1.852
10450.000 1.772
10455.000 1.631
10460.000 1.572
10465.000 1.461
10470.000 1.384
10475.000 1.343
10480.000 1.277
10485.000 1.253
10490.000 1.201
10495.000 1.162
10500.000 1.142
10505.000 1.105
10510.000 1.103
10515.000 1.071
10520.000 1.057
10525.000 1.056
10530.000 1.045
10535.000 1.033
10540.000 1.009
10545.000 0.968
10550.000 0.941
10555.000 0.892
10560.000 0.877
10565.000 0.886
10570.000 0.908
10575.000 0.940
10580.000 0.985
10585.000 1.015
10590.000 1.077
10595.000 1.161
10600.000 1.207
10605.000 1.315
10610.000 1.368
10615.000 1.508
10620.000 1.691
10625.000 1.802
10630.000 2.046
10635.000 2.183
10640.000 2.549
10645.000 3.009
10650.000 3.296
10655.000 3.977
10660.000 4.384
10665.000 5.242
10670.000 5.969
10675.000 6.187
10680.000 6.077
10685.000 5.757
10690.000 4.961
10695.000 4.277
10700.000 3.975
10705.000 3.496
10710.000 3.296
10715.000 2.992
10720.000 2.738
10725.000 2.635
10730.000 2.452
10735.000 2.384
10740.000 2.230
10745.000 2.102
10750.000 2.041
10755.000 1.947
10760.000 1.906
10765.000 1.847
10770.000 1.797
10775.000 1.781
10780.000 1.753
10785.000 1.735
10790.000 1.712
10795.000 1.695
10800.000 1.690
10805.000 1.675
10810.000 1.677
10815.000 1.672
10820.000 1.682
10825.000 1.683
10830.000 1.700
10835.000 1.704
10840.000 1.726
10845.000 1.751
10850.000 1.771
10855.000 1.805
10860.000 1.826
10865.000 1.877
10870.000 1.937
10875.000 1.964
10880.000 2.038
10885.000 2.085
10890.000 2.189
10895.000 2.311
10900.000 2.375
10905.000 2.535
10910.000 2.629
10915.000 2.868
10920.000 3.002
10925.000 3.311
10930.000 3.714
10935.000 3.952
10940.000 4.531
10945.000 4.867
10950.000 5.622
10955.000 6.309
10960.000 6.525
10965.000 6.457
10970.000 6.124
10975.000 5.140
10980.000 4.179
10985.000 3.764
10990.000 3.124
10995.000 2.859
11000.000 2.434
11005.000 2.117
11010.000 1.976
11015.000 1.752
11020.000 1.658
11025.000 1.491
11030.000 1.357
11035.000 1.308
11040.000 1.204
11045.000 1.158
11050.000 1.084
11055.000 1.022
11060.000 1.000
11065.000 0.943
11070.000 0.922
11075.000 0.886
11080.000 0.842
11085.000 0.841
11090.000 0.816
11095.000 0.805
11100.000 0.791
11105.000 0.783
11110.000 0.782
11115.000 0.777
11120.000 0.779
11125.000 0.785
11130.000 0.800
11135.000 0.819
11140.000 0.857
11145.000 0.871
11150.000 0.912
11155.000 0.944
11160.000 0.961
11165.000 1.007
11170.000 1.038
11175.000 1.100
11180.000 1.185
11185.000 1.232
11190.000 1.355
11195.000 1.415
11200.000 1.585
11205.000 1.807
11210.000 1.932
11215.000 2.261
11220.000 2.458
11225.000 2.914
11230.000 3.515
11235.000 3.851
11240.000 4.583
11245.000 4.921
11250.000 5.342
11255.000 5.215
11260.000 4.961
11265.000 4.321
11270.000 4.010
11275.000 3.492
11280.000 3.084
11285.000 2.920
11290.000 2.640
11295.000 2.527
11300.000 2.328
11305.000 2.173
11310.000 2.107
11315.000 1.989
11320.000 1.949
11325.000 1.857
11330.000 1.795
11335.000 1.768
11340.000 1.725
11345.000 1.712
11350.000 1.694
11355.000 1.660
11360.000 1.651
11365.000 1.631
11370.000 1.622
11375.000 1.607
11380.000 1.599
11385.000 1.589
11390.000 1.591
11395.000 1.597
11400.000 1.597
11405.000 1.612
11410.000 1.605
11415.000 1.626
11420.000 1.635
11425.000 1.662
11430.000 1.694
11435.000 1.713
11440.000 1.759
11445.000 1.785
11450.000 1.838
11455.000 1.904
11460.000 1.940
11465.000 2.031
11470.000 2.086
11475.000 2.203
11480.000 2.338
11485.000 2.428
11490.000 2.619
11495.000 2.730
11500.000 3.003
11505.000 3.340
11510.000 3.572
11515.000 4.042
11520.000 4.296
11525.000 4.828
11530.000 5.057
11535.000 5.308
11540.000 5.128
11545.000 4.879
11550.000 4.278
11555.000 3.959
11560.000 3.374
11565.000 2.844
11570.000 2.607
11575.000 2.216
11580.000 2.060
11585.000 1.793
11590.000 1.577
11595.000 1.489
11600.000 1.336
11605.000 1.263
11610.000 1.153
11615.000 1.061
11620.000 1.017
11625.000 0.950
11630.000 0.915
11635.000 0.858
11640.000 0.818
11645.000 0.797
11650.000 0.761
11655.000 0.745
11660.000 0.725
11665.000 0.693
11670.000 0.691
11675.000 0.671
11680.000 0.662
11685.000 0.658
11690.000 0.658
11695.000 0.652
11700.000 0.655
11705.000 0.654
11710.000 0.661
11715.000 0.675
11720.000 0.690
11725.000 0.707
11730.000 0.720
11735.000 0.759
11740.000 0.790
11745.000 0.818
11750.000 0.864
11755.000 0.902
11760.000 0.978
11765.000 1.075
11770.000 1.128
11775.000 1.275
11780.000 1.350
11785.000 1.557
11790.000 1.813
11795.000 1.968
11800.000 2.361
11805.000 2.578
11810.000 3.140
11815.000 3.766
11820.000 4.088
11825.000 4.565
11830.000 4.658
11835.000 4.505
11840.000 4.026
11845.000 3.766
11850.000 3.300
11855.000 3.098
11860.000 2.772
11865.000 2.504
11870.000 2.400
11875.000 2.225
11880.000 2.153
11885.000 2.017
11890.000 1.916
11895.000 1.868
11900.000 1.788
11905.000 1.761
11910.000 1.700
11915.000 1.655
11920.000 1.626
11925.000 1.594
11930.000 1.581
11935.000 1.545
11940.000 1.526
11945.000 1.510
11950.000 1.505
11955.000 1.498
11960.000 1.488
11965.000 1.490
11970.000 1.485
11975.000 1.485
11980.000 1.490
11985.000 1.498
11990.000 1.505
11995.000 1.526
12000.000 1.548
