5.000 0.746
10.000 0.935
15.000 0.293
20.000 0.178
25.000 1.296
30.000 1.097
35.000 1.932
40.000 1.400
45.000 2.797
50.000 2.544
55.000 1.692
60.000 2.136
65.000 2.581
70.000 2.019
75.000 2.405
80.000 2.761
85.000 3.976
90.000 3.461
95.000 4.052
100.000 6.669
105.000 7.750
110.000 5.780
115.000 9.453
120.000 7.469
125.000 7.947
130.000 8.762
135.000 7.743
140.000 6.832
145.000 8.011
150.000 10.492
155.000 9.500
160.000 10.031
165.000 10.977
170.000 11.830
175.000 12.376
180.000 13.516
185.000 14.022
190.000 15.111
195.000 15.440
200.000 15.133
205.000 15.319
210.000 16.216
215.000 16.082
220.000 16.631
225.000 17.940
230.000 18.453
235.000 18.397
240.000 19.619
245.000 19.862
250.000 20.056
255.000 22.523
260.000 20.854
265.000 21.899
270.000 22.593
275.000 23.313
280.000 23.897
285.000 26.873
290.000 24.475
295.000 27.123
300.000 27.672
305.000 30.540
310.000 34.596
315.000 30.278
320.000 28.925
325.000 29.644
330.000 30.219
335.000 32.331
340.000 34.336
345.000 34.017
350.000 35.668
355.000 35.891
360.000 37.794
365.000 38.422
370.000 37.898
375.000 39.462
380.000 42.884
385.000 45.874
390.000 47.783
395.000 48.759
400.000 50.889
405.000 52.703
410.000 54.775
415.000 55.623
420.000 60.792
425.000 59.824
430.000 64.495
435.000 66.709
440.000 65.495
445.000 66.199
450.000 66.186
455.000 66.933
460.000 65.549
465.000 64.909
470.000 63.142
475.000 61.598
480.000 59.399
485.000 56.553
490.000 54.804
495.000 50.759
500.000 48.388
505.000 46.985
510.000 44.987
515.000 42.906
520.000 39.936
525.000 37.751
530.000 35.672
535.000 33.536
540.000 33.639
545.000 31.978
550.000 29.226
555.000 28.607
560.000 26.633
565.000 25.921
570.000 23.819
575.000 23.089
580.000 23.238
585.000 22.022
590.000 21.135
595.000 20.507
600.000 19.395
605.000 18.299
610.000 17.649
615.000 18.039
620.000 16.432
625.000 15.924
630.000 15.159
635.000 14.863
640.000 14.950
645.000 13.897
650.000 12.450
655.000 13.129
660.000 13.504
665.000 12.717
670.000 11.648
675.000 11.253
680.000 11.212
685.000 10.666
690.000 10.946
695.000 9.851
700.000 9.973
705.000 9.292
710.000 9.416
715.000 8.993
720.000 8.815
725.000 8.935
730.000 8.713
735.000 7.866
740.000 8.076
745.000 7.817
750.000 7.484
755.000 7.140
760.000 6.599
765.000 8.154
770.000 6.801
775.000 6.626
780.000 6.177
785.000 6.121
790.000 5.999
795.000 5.934
800.000 5.736
805.000 5.549
810.000 5.333
815.000 5.355
820.000 5.045
825.000 4.917
830.000 4.900
835.000 4.789
840.000 4.603
845.000 4.428
850.000 4.479
855.000 4.323
860.000 4.196
865.000 4.117
870.000 3.995
875.000 3.933
880.000 3.853
885.000 3.783
890.000 3.684
895.000 3.575
900.000 3.558
905.000 3.426
910.000 3.356
915.000 3.528
920.000 3.226
925.000 3.318
930.000 3.103
935.000 3.105
940.000 3.154
945.000 2.995
950.000 3.007
955.000 2.912
960.000 2.950
965.000 2.720
970.000 2.742
975.000 2.703
980.000 2.702
985.000 2.646
990.000 2.715
995.000 2.646
1000.000 2.709
1005.000 2.550
1010.000 2.610
1015.000 2.542
1020.000 2.588
1025.000 2.551
1030.000 2.487
1035.000 2.532
1040.000 2.587
1045.000 2.527
1050.000 2.489
1055.000 2.576
1060.000 2.528
1065.000 2.515
1070.000 2.404
1075.000 2.617
1080.000 2.573
1085.000 2.565
1090.000 2.566
1095.000 2.552
1100.000 2.451
1105.000 2.528
1110.000 2.565
1115.000 2.559
1120.000 2.528
1125.000 2.575
1130.000 2.638
1135.000 2.402
1140.000 2.533
1145.000 2.480
1150.000 2.437
1155.000 2.502
1160.000 2.447
1165.000 2.402
1170.000 2.518
1175.000 2.557
1180.000 2.656
1185.000 2.822
1190.000 2.889
1195.000 3.060
1200.000 3.136
1205.000 3.420
1210.000 3.648
1215.000 3.776
1220.000 4.007
1225.000 4.132
1230.000 4.412
1235.000 4.537
1240.000 4.666
1245.000 4.924
1250.000 5.040
1255.000 5.226
1260.000 5.385
1265.000 5.477
1270.000 5.616
1275.000 5.663
1280.000 5.862
1285.000 5.978
1290.000 6.047
1295.000 6.124
1300.000 6.215
1305.000 6.323
1310.000 6.375
1315.000 6.413
1320.000 6.550
1325.000 6.664
1330.000 6.729
1335.000 6.765
1340.000 6.887
1345.000 6.953
1350.000 7.021
1355.000 7.073
1360.000 7.109
1365.000 7.215
1370.000 7.295
1375.000 7.296
1380.000 7.403
1385.000 7.475
1390.000 7.507
1395.000 7.572
1400.000 7.620
1405.000 7.671
1410.000 7.749
1415.000 7.790
1420.000 7.905
1425.000 7.930
1430.000 7.963
1435.000 8.049
1440.000 8.142
1445.000 8.274
1450.000 8.258
1455.000 8.335
1460.000 8.345
1465.000 8.505
1470.000 8.625
1475.000 8.642
1480.000 8.757
1485.000 8.815
1490.000 8.899
1495.000 9.014
1500.000 9.081
1505.000 9.247
1510.000 9.320
1515.000 9.455
1520.000 9.595
1525.000 9.694
1530.000 9.820
1535.000 9.912
1540.000 10.116
1545.000 10.264
1550.000 10.391
1555.000 10.590
1560.000 10.654
1565.000 10.873
1570.000 11.128
1575.000 11.227
1580.000 11.455
1585.000 11.602
1590.000 11.859
1595.000 12.112
1600.000 12.264
1605.000 12.510
1610.000 12.655
1615.000 12.963
1620.000 13.269
1625.000 13.425
1630.000 13.756
1635.000 13.920
1640.000 14.258
1645.000 14.592
1650.000 14.790
1655.000 15.181
1660.000 15.398
1665.000 15.732
1670.000 16.159
1675.000 16.406
1680.000 16.832
1685.000 17.041
1690.000 17.466
1695.000 17.938
1700.000 18.196
1705.000 18.715
1710.000 18.905
1715.000 19.359
1720.000 19.948
1725.000 20.176
1730.000 20.739
1735.000 21.093
1740.000 21.541
1745.000 22.154
1750.000 22.434
1755.000 23.020
1760.000 23.324
1765.000 23.925
1770.000 24.579
1775.000 24.877
1780.000 25.511
1785.000 25.823
1790.000 26.472
1795.000 27.128
1800.000 27.463
1805.000 28.117
1810.000 28.447
1815.000 29.126
1820.000 29.834
1825.000 30.205
1830.000 30.898
1835.000 31.256
1840.000 32.001
1845.000 32.812
1850.000 33.158
1855.000 33.840
1860.000 34.192
1865.000 34.883
1870.000 35.617
1875.000 35.971
1880.000 36.738
1885.000 37.061
1890.000 37.783
1895.000 38.111
1900.000 38.875
1905.000 39.461
1910.000 39.798
1915.000 40.451
1920.000 40.779
1925.000 41.368
1930.000 42.005
1935.000 42.268
1940.000 42.852
1945.000 43.164
1950.000 43.706
1955.000 44.297
1960.000 44.516
1965.000 45.085
1970.000 45.355
1975.000 45.852
1980.000 46.339
1985.000 46.572
1990.000 47.069
1995.000 47.274
2000.000 47.863
2005.000 48.414
2010.000 48.636
2015.000 49.176
2020.000 49.399
2025.000 49.964
2030.000 50.470
2035.000 50.725
2040.000 51.346
2045.000 51.505
2050.000 52.048
2055.000 52.537
2060.000 52.821
2065.000 53.383
2070.000 53.664
2075.000 54.175
2080.000 54.794
2085.000 55.105
2090.000 55.720
2095.000 56.029
2100.000 56.642
2105.000 57.311
2110.000 57.657
2115.000 58.364
2120.000 58.713
2125.000 59.448
2130.000 60.244
2135.000 60.670
2140.000 61.521
2145.000 61.986
2150.000 62.916
2155.000 63.918
2160.000 64.389
2165.000 65.514
2170.000 66.017
2175.000 67.187
2180.000 67.911
2185.000 69.119
2190.000 70.564
2195.000 71.224
2200.000 72.812
2205.000 73.625
2210.000 75.175
2215.000 77.008
2220.000 77.866
2225.000 79.897
2230.000 80.887
2235.000 83.047
2240.000 85.416
2245.000 86.655
2250.000 89.168
2255.000 90.616
2260.000 93.516
2265.000 96.585
2270.000 98.216
2275.000 101.788
2280.000 103.647
2285.000 107.580
2290.000 111.762
2295.000 113.782
2300.000 117.920
2305.000 120.017
2310.000 124.591
2315.000 127.707
2320.000 129.384
2325.000 131.847
2330.000 132.956
2335.000 134.918
2340.000 136.488
2345.000 137.115
2350.000 138.187
2355.000 138.614
2360.000 139.418
2365.000 139.729
2370.000 139.858
2375.000 139.719
2380.000 139.504
2385.000 138.847
2390.000 137.743
2395.000 137.029
2400.000 135.279
2405.000 132.880
2410.000 131.555
2415.000 128.133
2420.000 126.061
2425.000 120.436
2430.000 113.709
2435.000 110.439
2440.000 104.210
2445.000 101.211
2450.000 95.551
2455.000 90.243
2460.000 87.733
2465.000 83.053
2470.000 80.848
2475.000 76.463
2480.000 74.509
2485.000 70.801
2490.000 67.367
2495.000 65.775
2500.000 62.718
2505.000 61.259
2510.000 58.498
2515.000 55.947
2520.000 54.728
2525.000 52.428
2530.000 51.335
2535.000 49.311
2540.000 47.420
2545.000 46.482
2550.000 44.718
2555.000 43.906
2560.000 42.281
2565.000 40.740
2570.000 40.041
2575.000 38.670
2580.000 38.027
2585.000 36.738
2590.000 35.544
2595.000 34.985
2600.000 33.847
2605.000 33.323
2610.000 32.308
2615.000 31.360
2620.000 30.887
2625.000 30.006
2630.000 29.571
2635.000 28.701
2640.000 27.965
2645.000 27.604
2650.000 26.837
2655.000 26.546
2660.000 25.837
2665.000 25.154
2670.000 24.817
2675.000 24.237
2680.000 23.903
2685.000 23.353
2690.000 22.753
2695.000 22.525
2700.000 21.973
2705.000 21.754
2710.000 21.207
2715.000 20.775
2720.000 20.557
2725.000 20.110
2730.000 19.863
2735.000 19.444
2740.000 19.030
2745.000 18.855
2750.000 18.447
2755.000 18.277
2760.000 17.927
2765.000 17.573
2770.000 17.389
2775.000 17.030
2780.000 16.873
2785.000 16.548
2790.000 16.379
2795.000 16.095
2800.000 15.810
2805.000 15.654
2810.000 15.376
2815.000 15.240
2820.000 14.986
2825.000 14.726
2830.000 14.587
2835.000 14.376
2840.000 14.236
2845.000 13.990
2850.000 13.775
2855.000 13.666
2860.000 13.418
2865.000 13.319
2870.000 13.147
2875.000 12.919
2880.000 12.818
2885.000 12.639
2890.000 12.537
2895.000 12.355
2900.000 12.165
2905.000 12.080
2910.000 11.879
2915.000 11.809
2920.000 11.640
2925.000 11.517
2930.000 11.412
2935.000 11.255
2940.000 11.192
2945.000 11.035
2950.000 10.844
2955.000 10.816
2960.000 10.660
2965.000 10.595
2970.000 10.464
2975.000 10.327
2980.000 10.281
2985.000 10.163
2990.000 10.091
2995.000 9.978
3000.000 9.843
3005.000 9.761
3010.000 9.688
3015.000 9.604
3020.000 9.516
3025.000 9.427
3030.000 9.356
3035.000 9.257
3040.000 9.206
3045.000 9.107
3050.000 9.023
3055.000 8.989
3060.000 8.852
3065.000 8.830
3070.000 8.722
3075.000 8.675
3080.000 8.606
3085.000 8.538
3090.000 8.510
3095.000 8.414
3100.000 8.347
3105.000 8.279
3110.000 8.246
3115.000 8.179
3120.000 8.130
3125.000 8.054
3130.000 8.045
3135.000 7.960
3140.000 7.926
3145.000 7.845
3150.000 7.826
3155.000 7.780
3160.000 7.760
3165.000 7.708
3170.000 7.615
3175.000 7.559
3180.000 7.544
3185.000 7.497
3190.000 7.481
3195.000 7.433
3200.000 7.380
3205.000 7.349
3210.000 7.307
3215.000 7.283
3220.000 7.251
3225.000 7.208
3230.000 7.188
3235.000 7.136
3240.000 7.114
3245.000 7.089
3250.000 7.051
3255.000 7.038
3260.000 7.006
3265.000 6.961
3270.000 6.970
3275.000 6.917
3280.000 6.879
3285.000 6.862
3290.000 6.834
3295.000 6.802
3300.000 6.786
3305.000 6.775
3310.000 6.728
3315.000 6.738
3320.000 6.667
3325.000 6.665
3330.000 6.640
3335.000 6.618
3340.000 6.600
3345.000 6.570
3350.000 6.538
3355.000 6.537
3360.000 6.491
3365.000 6.487
3370.000 6.449
3375.000 6.434
3380.000 6.417
3385.000 6.382
3390.000 6.358
3395.000 6.333
3400.000 6.333
3405.000 6.285
3410.000 6.253
3415.000 6.245
3420.000 6.202
3425.000 6.205
3430.000 6.145
3435.000 6.141
3440.000 6.131
3445.000 6.107
3450.000 6.080
3455.000 6.069
3460.000 6.029
3465.000 6.015
3470.000 5.994
3475.000 5.991
3480.000 5.952
3485.000 5.933
3490.000 5.921
3495.000 5.894
3500.000 5.889
3505.000 5.861
3510.000 5.830
3515.000 5.839
3520.000 5.801
3525.000 5.807
3530.000 5.783
3535.000 5.753
3540.000 5.752
3545.000 5.733
3550.000 5.729
3555.000 5.705
3560.000 5.706
3565.000 5.684
3570.000 5.657
3575.000 5.660
3580.000 5.644
3585.000 5.616
3590.000 5.614
3595.000 5.605
3600.000 5.593
3605.000 5.572
3610.000 5.572
3615.000 5.584
3620.000 5.570
3625.000 5.559
3630.000 5.559
3635.000 5.539
3640.000 5.533
3645.000 5.522
3650.000 5.532
3655.000 5.520
3660.000 5.528
3665.000 5.509
3670.000 5.524
3675.000 5.502
3680.000 5.502
3685.000 5.480
3690.000 5.484
3695.000 5.495
3700.000 5.494
3705.000 5.491
3710.000 5.491
3715.000 5.483
3720.000 5.497
3725.000 5.503
3730.000 5.481
3735.000 5.491
3740.000 5.481
3745.000 5.499
3750.000 5.521
3755.000 5.518
3760.000 5.504
3765.000 5.506
3770.000 5.525
3775.000 5.535
3780.000 5.523
3785.000 5.514
3790.000 5.555
3795.000 5.561
3800.000 5.566
3805.000 5.575
3810.000 5.599
3815.000 5.584
3820.000 5.618
3825.000 5.602
3830.000 5.621
3835.000 5.643
3840.000 5.659
3845.000 5.667
3850.000 5.676
3855.000 5.703
3860.000 5.711
3865.000 5.715
3870.000 5.741
3875.000 5.755
3880.000 5.778
3885.000 5.795
3890.000 5.795
3895.000 5.838
3900.000 5.852
3905.000 5.871
3910.000 5.889
3915.000 5.893
3920.000 5.925
3925.000 5.943
3930.000 5.963
3935.000 5.998
3940.000 6.003
3945.000 6.019
3950.000 6.022
3955.000 6.068
3960.000 6.067
3965.000 6.091
3970.000 6.112
3975.000 6.102
3980.000 6.137
3985.000 6.139
3990.000 6.155
3995.000 6.173
4000.000 6.197
4005.000 6.206
4010.000 6.206
4015.000 6.237
4020.000 6.250
4025.000 6.218
4030.000 6.270
4035.000 6.278
4040.000 6.265
4045.000 6.284
4050.000 6.293
4055.000 6.292
4060.000 6.280
4065.000 6.247
4070.000 6.215
4075.000 6.192
4080.000 6.151
4085.000 6.137
4090.000 6.088
4095.000 6.073
4100.000 6.051
4105.000 6.034
4110.000 6.032
4115.000 6.024
4120.000 6.061
4125.000 6.082
4130.000 6.109
4135.000 6.121
4140.000 6.180
4145.000 6.269
4150.000 6.308
4155.000 6.404
4160.000 6.453
4165.000 6.551
4170.000 6.676
4175.000 6.720
4180.000 6.847
4185.000 6.897
4190.000 7.038
4195.000 7.184
4200.000 7.249
4205.000 7.392
4210.000 7.484
4215.000 7.612
4220.000 7.776
4225.000 7.874
4230.000 8.053
4235.000 8.155
4240.000 8.349
4245.000 8.547
4250.000 8.645
4255.000 8.869
4260.000 8.986
4265.000 9.234
4270.000 9.477
4275.000 9.604
4280.000 9.854
4285.000 9.996
4290.000 10.288
4295.000 10.594
4300.000 10.760
4305.000 11.085
4310.000 11.257
4315.000 11.618
4320.000 12.005
4325.000 12.185
4330.000 12.602
4335.000 12.820
4340.000 13.274
4345.000 13.774
4350.000 14.032
4355.000 14.533
4360.000 14.825
4365.000 15.350
4370.000 16.000
4375.000 16.306
4380.000 17.000
4385.000 17.330
4390.000 18.035
4395.000 18.865
4400.000 19.251
4405.000 20.149
4410.000 20.540
4415.000 21.487
4420.000 22.479
4425.000 23.074
4430.000 24.156
4435.000 24.746
4440.000 25.988
4445.000 27.300
4450.000 27.993
4455.000 29.460
4460.000 30.234
4465.000 31.890
4470.000 33.659
4475.000 34.574
4480.000 36.559
4485.000 37.641
4490.000 39.876
4495.000 42.287
4500.000 43.578
4505.000 46.368
4510.000 47.856
4515.000 51.019
4520.000 54.525
4525.000 56.448
4530.000 60.510
4535.000 62.711
4540.000 67.553
4545.000 72.964
4550.000 75.929
4555.000 82.888
4560.000 86.533
4565.000 94.619
4570.000 99.156
4575.000 109.182
4580.000 120.301
4585.000 125.123
4590.000 131.901
4595.000 134.754
4600.000 139.231
4605.000 142.456
4610.000 143.606
4615.000 144.801
4620.000 145.072
4625.000 145.262
4630.000 145.187
4635.000 145.143
4640.000 144.649
4645.000 144.098
4650.000 141.773
4655.000 138.106
4660.000 135.784
4665.000 130.086
4670.000 126.736
4675.000 116.955
4680.000 106.139
4685.000 101.369
4690.000 92.775
4695.000 88.982
4700.000 82.076
4705.000 76.081
4710.000 73.380
4715.000 68.434
4720.000 66.127
4725.000 61.934
4730.000 58.264
4735.000 56.513
4740.000 53.417
4745.000 51.919
4750.000 49.192
4755.000 46.688
4760.000 45.530
4765.000 43.320
4770.000 42.314
4775.000 40.372
4780.000 38.570
4785.000 37.758
4790.000 36.161
4795.000 35.412
4800.000 33.987
4805.000 32.668
4810.000 32.043
4815.000 30.851
4820.000 30.276
4825.000 29.188
4830.000 28.179
4835.000 27.686
4840.000 26.765
4845.000 26.326
4850.000 25.482
4855.000 24.625
4860.000 24.243
4865.000 23.504
4870.000 23.165
4875.000 22.479
4880.000 21.826
4885.000 21.542
4890.000 20.925
4895.000 20.651
4900.000 20.092
4905.000 19.573
4910.000 19.305
4915.000 18.810
4920.000 18.590
4925.000 18.129
4930.000 17.680
4935.000 17.479
4940.000 17.055
4945.000 16.865
4950.000 16.491
4955.000 16.111
4960.000 15.932
4965.000 15.575
4970.000 15.415
4975.000 15.096
4980.000 14.784
4985.000 14.631
4990.000 14.331
4995.000 14.188
5000.000 13.916
5005.000 13.649
5010.000 13.514
5015.000 13.273
5020.000 13.138
5025.000 12.901
5030.000 12.655
5035.000 12.550
5040.000 12.332
5045.000 12.220
5050.000 12.012
5055.000 11.811
5060.000 11.719
5065.000 11.523
5070.000 11.423
5075.000 11.238
5080.000 11.058
5085.000 10.976
5090.000 10.805
5095.000 10.738
5100.000 10.537
5105.000 10.411
5110.000 10.336
5115.000 10.187
5120.000 10.114
5125.000 9.972
5130.000 9.847
5135.000 9.758
5140.000 9.633
5145.000 9.563
5150.000 9.439
5155.000 9.360
5160.000 9.243
5165.000 9.135
5170.000 9.063
5175.000 8.953
5180.000 8.892
5185.000 8.785
5190.000 8.679
5195.000 8.629
5200.000 8.531
5205.000 8.469
5210.000 8.370
5215.000 8.270
5220.000 8.227
5225.000 8.147
5230.000 8.098
5235.000 8.011
5240.000 7.919
5245.000 7.869
5250.000 7.790
5255.000 7.751
5260.000 7.675
5265.000 7.611
5270.000 7.562
5275.000 7.484
5280.000 7.458
5285.000 7.375
5290.000 7.294
5295.000 7.275
5300.000 7.198
5305.000 7.167
5310.000 7.105
5315.000 7.043
5320.000 7.003
5325.000 6.950
5330.000 6.906
5335.000 6.862
5340.000 6.812
5345.000 6.774
5350.000 6.718
5355.000 6.684
5360.000 6.629
5365.000 6.572
5370.000 6.548
5375.000 6.496
5380.000 6.458
5385.000 6.418
5390.000 6.384
5395.000 6.354
5400.000 6.291
5405.000 6.275
5410.000 6.232
5415.000 6.195
5420.000 6.169
5425.000 6.126
5430.000 6.098
5435.000 6.066
5440.000 6.021
5445.000 5.996
5450.000 5.958
5455.000 5.946
5460.000 5.903
5465.000 5.885
5470.000 5.839
5475.000 5.817
5480.000 5.801
5485.000 5.751
5490.000 5.739
5495.000 5.710
5500.000 5.680
5505.000 5.652
5510.000 5.628
5515.000 5.611
5520.000 5.578
5525.000 5.546
5530.000 5.535
5535.000 5.503
5540.000 5.488
5545.000 5.469
5550.000 5.434
5555.000 5.425
5560.000 5.385
5565.000 5.387
5570.000 5.348
5575.000 5.333
5580.000 5.307
5585.000 5.292
5590.000 5.276
5595.000 5.252
5600.000 5.235
5605.000 5.216
5610.000 5.192
5615.000 5.182
5620.000 5.155
5625.000 5.139
5630.000 5.135
5635.000 5.115
5640.000 5.092
5645.000 5.079
5650.000 5.063
5655.000 5.049
5660.000 5.041
5665.000 5.016
5670.000 4.999
5675.000 4.995
5680.000 4.984
5685.000 4.961
5690.000 4.963
5695.000 4.947
5700.000 4.925
5705.000 4.911
5710.000 4.898
5715.000 4.881
5720.000 4.884
5725.000 4.862
5730.000 4.865
5735.000 4.844
5740.000 4.828
5745.000 4.827
5750.000 4.806
5755.000 4.816
5760.000 4.792
5765.000 4.787
5770.000 4.776
5775.000 4.769
5780.000 4.759
5785.000 4.758
5790.000 4.748
5795.000 4.740
5800.000 4.737
5805.000 4.730
5810.000 4.719
5815.000 4.720
5820.000 4.701
5825.000 4.699
5830.000 4.693
5835.000 4.696
5840.000 4.693
5845.000 4.688
5850.000 4.687
5855.000 4.684
5860.000 4.677
5865.000 4.667
5870.000 4.659
5875.000 4.667
5880.000 4.661
5885.000 4.657
5890.000 4.650
5895.000 4.645
5900.000 4.643
5905.000 4.642
5910.000 4.639
5915.000 4.644
5920.000 4.639
5925.000 4.640
5930.000 4.638
5935.000 4.639
5940.000 4.634
5945.000 4.635
5950.000 4.641
5955.000 4.636
5960.000 4.639
5965.000 4.647
5970.000 4.638
5975.000 4.646
5980.000 4.652
5985.000 4.649
5990.000 4.650
5995.000 4.663
6000.000 4.653
6005.000 4.657
6010.000 4.669
6015.000 4.661
6020.000 4.669
6025.000 4.667
6030.000 4.668
6035.000 4.682
6040.000 4.676
6045.000 4.700
6050.000 4.704
6055.000 4.700
6060.000 4.694
6065.000 4.712
6070.000 4.720
6075.000 4.723
6080.000 4.731
6085.000 4.738
6090.000 4.746
6095.000 4.745
6100.000 4.758
6105.000 4.769
6110.000 4.779
6115.000 4.784
6120.000 4.798
6125.000 4.805
6130.000 4.808
6135.000 4.827
6140.000 4.835
6145.000 4.851
6150.000 4.850
6155.000 4.870
6160.000 4.881
6165.000 4.894
6170.000 4.910
6175.000 4.909
6180.000 4.937
6185.000 4.952
6190.000 4.960
6195.000 4.971
6200.000 4.987
6205.000 5.002
6210.000 5.025
6215.000 5.029
6220.000 5.050
6225.000 5.065
6230.000 5.079
6235.000 5.105
6240.000 5.124
6245.000 5.138
6250.000 5.159
6255.000 5.178
6260.000 5.205
6265.000 5.221
6270.000 5.243
6275.000 5.257
6280.000 5.292
6285.000 5.303
6290.000 5.320
6295.000 5.351
6300.000 5.388
6305.000 5.400
6310.000 5.437
6315.000 5.449
6320.000 5.479
6325.000 5.504
6330.000 5.539
6335.000 5.582
6340.000 5.584
6345.000 5.624
6350.000 5.642
6355.000 5.685
6360.000 5.723
6365.000 5.744
6370.000 5.789
6375.000 5.815
6380.000 5.865
6385.000 5.911
6390.000 5.919
6395.000 5.972
6400.000 5.989
6405.000 6.036
6410.000 6.099
6415.000 6.129
6420.000 6.183
6425.000 6.207
6430.000 6.262
6435.000 6.327
6440.000 6.353
6445.000 6.408
6450.000 6.435
6455.000 6.503
6460.000 6.570
6465.000 6.597
6470.000 6.681
6475.000 6.703
6480.000 6.781
6485.000 6.856
6490.000 6.898
6495.000 6.971
6500.000 7.013
6505.000 7.053
6510.000 7.191
6515.000 7.225
6520.000 7.312
6525.000 7.356
6530.000 7.447
6535.000 7.562
6540.000 7.612
6545.000 7.717
6550.000 7.761
6555.000 7.882
6560.000 7.992
6565.000 8.058
6570.000 8.169
6575.000 8.235
6580.000 8.377
6585.000 8.511
6590.000 8.588
6595.000 8.724
6600.000 8.790
6605.000 8.948
6610.000 9.131
6615.000 9.201
6620.000 9.360
6625.000 9.451
6630.000 9.641
6635.000 9.843
6640.000 9.960
6645.000 10.168
6650.000 10.261
6655.000 10.496
6660.000 10.631
6665.000 10.872
6670.000 11.113
6675.000 11.244
6680.000 11.539
6685.000 11.688
6690.000 11.989
6695.000 12.311
6700.000 12.468
6705.000 12.831
6710.000 13.022
6715.000 13.404
6720.000 13.836
6725.000 14.056
6730.000 14.485
6735.000 14.736
6740.000 15.274
6745.000 15.797
6750.000 16.094
6755.000 16.758
6760.000 17.047
6765.000 17.763
6770.000 18.541
6775.000 18.967
6780.000 19.823
6785.000 20.324
6790.000 21.332
6795.000 22.465
6800.000 23.090
6805.000 24.431
6810.000 25.173
6815.000 26.760
6820.000 28.586
6825.000 29.610
6830.000 31.788
6835.000 33.095
6840.000 35.858
6845.000 39.063
6850.000 40.899
6855.000 45.063
6860.000 47.447
6865.000 52.864
6870.000 59.237
6875.000 62.874
6880.000 70.850
6885.000 75.121
6890.000 83.697
6895.000 90.889
6900.000 93.229
6905.000 94.014
6910.000 92.284
6915.000 85.421
6920.000 76.200
6925.000 71.521
6930.000 62.819
6935.000 58.523
6940.000 51.782
6945.000 46.255
6950.000 43.733
6955.000 39.496
6960.000 37.717
6965.000 34.395
6970.000 31.573
6975.000 30.430
6980.000 28.141
6985.000 27.078
6990.000 25.281
6995.000 23.651
7000.000 22.922
7005.000 21.669
7010.000 21.087
7015.000 19.892
7020.000 18.853
7025.000 18.378
7030.000 17.485
7035.000 17.094
7040.000 16.339
7045.000 15.626
7050.000 15.285
7055.000 14.691
7060.000 14.399
7065.000 13.824
7070.000 13.305
7075.000 13.075
7080.000 12.631
7085.000 12.414
7090.000 11.979
7095.000 11.586
7100.000 11.413
7105.000 11.091
7110.000 10.889
7115.000 10.562
7120.000 10.245
7125.000 10.112
7130.000 9.851
7135.000 9.705
7140.000 9.432
7145.000 9.195
7150.000 9.083
7155.000 8.866
7160.000 8.765
7165.000 8.530
7170.000 8.340
7175.000 8.242
7180.000 8.068
7185.000 7.976
7190.000 7.787
7195.000 7.623
7200.000 7.543
7205.000 7.407
7210.000 7.316
7215.000 7.163
7220.000 7.030
7225.000 6.958
7230.000 6.827
7235.000 6.760
7240.000 6.630
7245.000 6.568
7250.000 6.451
7255.000 6.349
7260.000 6.292
7265.000 6.170
7270.000 6.120
7275.000 6.014
7280.000 5.935
7285.000 5.887
7290.000 5.779
7295.000 5.748
7300.000 5.651
7305.000 5.576
7310.000 5.523
7315.000 5.433
7320.000 5.386
7325.000 5.326
7330.000 5.252
7335.000 5.210
7340.000 5.127
7345.000 5.091
7350.000 5.039
7355.000 4.974
7360.000 4.948
7365.000 4.848
7370.000 4.837
7375.000 4.783
7380.000 4.719
7385.000 4.687
7390.000 4.631
7395.000 4.600
7400.000 4.559
7405.000 4.506
7410.000 4.470
7415.000 4.411
7420.000 4.396
7425.000 4.348
7430.000 4.291
7435.000 4.276
7440.000 4.235
7445.000 4.212
7450.000 4.171
7455.000 4.139
7460.000 4.119
7465.000 4.096
7470.000 4.088
7475.000 4.047
7480.000 4.003
7485.000 3.993
7490.000 3.955
7495.000 3.937
7500.000 3.900
7505.000 3.873
7510.000 3.846
7515.000 3.819
7520.000 3.795
7525.000 3.761
7530.000 3.736
7535.000 3.723
7540.000 3.679
7545.000 3.670
7550.000 3.642
7555.000 3.619
7560.000 3.594
7565.000 3.563
7570.000 3.555
7575.000 3.534
7580.000 3.505
7585.000 3.498
7590.000 3.459
7595.000 3.449
7600.000 3.429
7605.000 3.404
7610.000 3.380
7615.000 3.358
7620.000 3.358
7625.000 3.328
7630.000 3.301
7635.000 3.297
7640.000 3.278
7645.000 3.268
7650.000 3.244
7655.000 3.226
7660.000 3.214
7665.000 3.198
7670.000 3.183
7675.000 3.171
7680.000 3.140
7685.000 3.140
7690.000 3.122
7695.000 3.121
7700.000 3.093
7705.000 3.089
7710.000 3.078
7715.000 3.059
7720.000 3.051
7725.000 3.033
7730.000 3.022
7735.000 3.004
7740.000 2.994
7745.000 2.986
7750.000 2.977
7755.000 2.959
7760.000 2.944
7765.000 2.934
7770.000 2.929
7775.000 2.911
7780.000 2.904
7785.000 2.895
7790.000 2.882
7795.000 2.874
7800.000 2.863
7805.000 2.846
7810.000 2.855
7815.000 2.841
7820.000 2.833
7825.000 2.815
7830.000 2.816
7835.000 2.797
7840.000 2.791
7845.000 2.784
7850.000 2.782
7855.000 2.785
7860.000 2.763
7865.000 2.746
7870.000 2.749
7875.000 2.747
7880.000 2.742
7885.000 2.728
7890.000 2.725
7895.000 2.721
7900.000 2.710
7905.000 2.702
7910.000 2.694
7915.000 2.689
7920.000 2.686
7925.000 2.681
7930.000 2.674
7935.000 2.664
7940.000 2.659
7945.000 2.661
7950.000 2.655
7955.000 2.657
7960.000 2.635
7965.000 2.627
7970.000 2.619
7975.000 2.618
7980.000 2.619
7985.000 2.620
7990.000 2.618
7995.000 2.606
8000.000 2.608
8005.000 2.610
8010.000 2.617
8015.000 2.600
8020.000 2.597
8025.000 2.593
8030.000 2.595
8035.000 2.590
8040.000 2.579
8045.000 2.588
8050.000 2.574
8055.000 2.577
8060.000 2.571
8065.000 2.565
8070.000 2.577
8075.000 2.578
8080.000 2.573
8085.000 2.566
8090.000 2.556
8095.000 2.559
8100.000 2.566
8105.000 2.559
8110.000 2.560
8115.000 2.565
8120.000 2.565
8125.000 2.558
8130.000 2.561
8135.000 2.554
8140.000 2.554
8145.000 2.558
8150.000 2.562
8155.000 2.557
8160.000 2.556
8165.000 2.548
8170.000 2.564
8175.000 2.562
8180.000 2.559
8185.000 2.564
8190.000 2.558
8195.000 2.562
8200.000 2.569
8205.000 2.566
8210.000 2.567
8215.000 2.573
8220.000 2.573
8225.000 2.575
8230.000 2.577
8235.000 2.577
8240.000 2.584
8245.000 2.591
8250.000 2.581
8255.000 2.590
8260.000 2.597
8265.000 2.593
8270.000 2.597
8275.000 2.605
8280.000 2.607
8285.000 2.602
8290.000 2.608
8295.000 2.623
8300.000 2.617
8305.000 2.614
8310.000 2.628
8315.000 2.639
8320.000 2.634
8325.000 2.636
8330.000 2.629
8335.000 2.637
8340.000 2.647
8345.000 2.633
8350.000 2.649
8355.000 2.653
8360.000 2.660
8365.000 2.658
8370.000 2.668
8375.000 2.670
8380.000 2.677
8385.000 2.691
8390.000 2.684
8395.000 2.691
8400.000 2.708
8405.000 2.708
8410.000 2.708
8415.000 2.719
8420.000 2.719
8425.000 2.733
8430.000 2.740
8435.000 2.757
8440.000 2.748
8445.000 2.763
8450.000 2.775
8455.000 2.780
8460.000 2.792
8465.000 2.801
8470.000 2.803
8475.000 2.815
8480.000 2.817
8485.000 2.834
8490.000 2.841
8495.000 2.855
8500.000 2.866
8505.000 2.870
8510.000 2.888
8515.000 2.892
8520.000 2.906
8525.000 2.917
8530.000 2.926
8535.000 2.937
8540.000 2.943
8545.000 2.970
8550.000 2.977
8555.000 2.984
8560.000 3.010
8565.000 3.018
8570.000 3.033
8575.000 3.045
8580.000 3.053
8585.000 3.064
8590.000 3.076
8595.000 3.097
8600.000 3.122
8605.000 3.127
8610.000 3.151
8615.000 3.161
8620.000 3.178
8625.000 3.205
8630.000 3.221
8635.000 3.235
8640.000 3.246
8645.000 3.270
8650.000 3.298
8655.000 3.317
8660.000 3.334
8665.000 3.349
8670.000 3.367
8675.000 3.399
8680.000 3.421
8685.000 3.443
8690.000 3.450
8695.000 3.493
8700.000 3.517
8705.000 3.536
8710.000 3.560
8715.000 3.580
8720.000 3.613
8725.000 3.621
8730.000 3.664
8735.000 3.692
8740.000 3.727
8745.000 3.758
8750.000 3.776
8755.000 3.819
8760.000 3.860
8765.000 3.883
8770.000 3.921
8775.000 3.949
8780.000 3.987
8785.000 4.032
8790.000 4.053
8795.000 4.107
8800.000 4.133
8805.000 4.182
8810.000 4.235
8815.000 4.265
8820.000 4.323
8825.000 4.382
8830.000 4.405
8835.000 4.465
8840.000 4.500
8845.000 4.564
8850.000 4.631
8855.000 4.668
8860.000 4.744
8865.000 4.783
8870.000 4.852
8875.000 4.939
8880.000 4.979
8885.000 5.064
8890.000 5.097
8895.000 5.198
8900.000 5.291
8905.000 5.332
8910.000 5.437
8915.000 5.494
8920.000 5.608
8925.000 5.712
8930.000 5.781
8935.000 5.901
8940.000 5.963
8945.000 6.102
8950.000 6.237
8955.000 6.308
8960.000 6.452
8965.000 6.533
8970.000 6.704
8975.000 6.878
8980.000 6.962
8985.000 7.144
8990.000 7.251
8995.000 7.465
9000.000 7.695
9005.000 7.812
9010.000 8.064
9015.000 8.206
9020.000 8.480
9025.000 8.629
9030.000 8.937
9035.000 9.272
9040.000 9.444
9045.000 9.818
9050.000 10.022
9055.000 10.446
9060.000 10.922
9065.000 11.168
9070.000 11.694
9075.000 12.000
9080.000 12.623
9085.000 13.322
9090.000 13.695
9095.000 14.526
9100.000 14.977
9105.000 15.966
9110.000 17.077
9115.000 17.695
9120.000 19.059
9125.000 19.810
9130.000 21.489
9135.000 23.420
9140.000 24.487
9145.000 26.850
9150.000 28.153
9155.000 30.984
9160.000 33.984
9165.000 35.519
9170.000 38.419
9175.000 39.667
9180.000 41.434
9185.000 41.867
9190.000 41.537
9195.000 39.908
9200.000 38.750
9205.000 36.087
9210.000 33.317
9215.000 31.961
9220.000 29.347
9225.000 28.084
9230.000 25.603
9235.000 23.212
9240.000 22.093
9245.000 19.985
9250.000 19.047
9255.000 17.372
9260.000 15.944
9265.000 15.306
9270.000 14.182
9275.000 13.680
9280.000 12.775
9285.000 11.985
9290.000 11.622
9295.000 10.962
9300.000 10.656
9305.000 10.099
9310.000 9.589
9315.000 9.338
9320.000 8.905
9325.000 8.708
9330.000 8.325
9335.000 8.150
9340.000 7.810
9345.000 7.510
9350.000 7.364
9355.000 7.092
9360.000 6.962
9365.000 6.708
9370.000 6.496
9375.000 6.378
9380.000 6.174
9385.000 6.072
9390.000 5.888
9395.000 5.710
9400.000 5.633
9405.000 5.469
9410.000 5.381
9415.000 5.243
9420.000 5.113
9425.000 5.045
9430.000 4.905
9435.000 4.853
9440.000 4.739
9445.000 4.615
9450.000 4.571
9455.000 4.455
9460.000 4.409
9465.000 4.311
9470.000 4.231
9475.000 4.179
9480.000 4.090
9485.000 4.058
9490.000 3.975
9495.000 3.899
9500.000 3.862
9505.000 3.793
9510.000 3.760
9515.000 3.693
9520.000 3.628
9525.000 3.597
9530.000 3.539
9535.000 3.514
9540.000 3.461
9545.000 3.401
9550.000 3.381
9555.000 3.317
9560.000 3.297
9565.000 3.247
9570.000 3.202
9575.000 3.184
9580.000 3.134
9585.000 3.124
9590.000 3.073
9595.000 3.036
9600.000 3.024
9605.000 2.979
9610.000 2.960
9615.000 2.928
9620.000 2.887
9625.000 2.876
9630.000 2.840
9635.000 2.820
9640.000 2.794
9645.000 2.761
9650.000 2.749
9655.000 2.719
9660.000 2.696
9665.000 2.670
9670.000 2.639
9675.000 2.630
9680.000 2.600
9685.000 2.595
9690.000 2.560
9695.000 2.539
9700.000 2.520
9705.000 2.497
9710.000 2.491
9715.000 2.460
9720.000 2.440
9725.000 2.421
9730.000 2.400
9735.000 2.387
9740.000 2.362
9745.000 2.339
9750.000 2.335
9755.000 2.310
9760.000 2.306
9765.000 2.275
9770.000 2.250
9775.000 2.241
9780.000 2.218
9785.000 2.218
9790.000 2.195
9795.000 2.174
9800.000 2.164
9805.000 2.143
9810.000 2.126
9815.000 2.118
9820.000 2.093
9825.000 2.082
9830.000 2.071
9835.000 2.060
9840.000 2.042
9845.000 2.026
9850.000 2.013
9855.000 2.003
9860.000 1.986
9865.000 1.969
9870.000 1.948
9875.000 1.940
9880.000 1.923
9885.000 1.918
9890.000 1.911
9895.000 1.886
9900.000 1.881
9905.000 1.854
9910.000 1.854
9915.000 1.824
9920.000 1.827
9925.000 1.813
9930.000 1.790
9935.000 1.783
9940.000 1.780
9945.000 1.767
9950.000 1.757
9955.000 1.728
9960.000 1.724
9965.000 1.709
9970.000 1.708
9975.000 1.689
9980.000 1.677
9985.000 1.667
9990.000 1.656
9995.000 1.647
10000.000 1.633
10005.000 1.621
10010.000 1.625
10015.000 1.600
10020.000 1.597
10025.000 1.585
10030.000 1.578
10035.000 1.572
10040.000 1.561
10045.000 1.559
10050.000 1.552
10055.000 1.544
10060.000 1.539
10065.000 1.528
10070.000 1.523
10075.000 1.515
10080.000 1.512
10085.000 1.505
10090.000 1.500
10095.000 1.485
10100.000 1.488
10105.000 1.472
10110.000 1.470
10115.000 1.467
10120.000 1.460
10125.000 1.447
10130.000 1.447
10135.000 1.438
10140.000 1.431
10145.000 1.431
10150.000 1.421
10155.000 1.416
10160.000 1.412
10165.000 1.407
10170.000 1.402
10175.000 1.391
10180.000 1.394
10185.000 1.392
10190.000 1.376
10195.000 1.381
10200.000 1.369
10205.000 1.364
10210.000 1.362
10215.000 1.356
10220.000 1.360
10225.000 1.355
10230.000 1.346
10235.000 1.347
10240.000 1.337
10245.000 1.340
10250.000 1.326
10255.000 1.331
10260.000 1.324
10265.000 1.319
10270.000 1.323
10275.000 1.318
10280.000 1.309
10285.000 1.311
10290.000 1.304
10295.000 1.291
10300.000 1.298
10305.000 1.300
10310.000 1.296
10315.000 1.295
10320.000 1.293
10325.000 1.290
10330.000 1.286
10335.000 1.285
10340.000 1.281
10345.000 1.292
10350.000 1.282
10355.000 1.272
10360.000 1.279
10365.000 1.278
10370.000 1.264
10375.000 1.268
10380.000 1.267
10385.000 1.257
10390.000 1.263
10395.000 1.262
10400.000 1.266
10405.000 1.261
10410.000 1.268
10415.000 1.259
10420.000 1.263
10425.000 1.267
10430.000 1.261
10435.000 1.264
10440.000 1.262
10445.000 1.261
10450.000 1.269
10455.000 1.260
10460.000 1.264
10465.000 1.257
10470.000 1.267
10475.000 1.268
10480.000 1.261
10485.000 1.271
10490.000 1.270
10495.000 1.282
10500.000 1.276
10505.000 1.278
10510.000 1.276
10515.000 1.283
10520.000 1.286
10525.000 1.293
10530.000 1.291
10535.000 1.296
10540.000 1.292
10545.000 1.296
10550.000 1.290
10555.000 1.297
10560.000 1.291
10565.000 1.287
10570.000 1.281
10575.000 1.278
10580.000 1.275
10585.000 1.279
10590.000 1.282
10595.000 1.280
10600.000 1.277
10605.000 1.270
10610.000 1.279
10615.000 1.266
10620.000 1.267
10625.000 1.277
10630.000 1.277
10635.000 1.279
10640.000 1.266
10645.000 1.274
10650.000 1.284
10655.000 1.278
10660.000 1.279
10665.000 1.279
10670.000 1.292
10675.000 1.289
10680.000 1.292
10685.000 1.299
10690.000 1.308
10695.000 1.305
10700.000 1.313
10705.000 1.309
10710.000 1.315
10715.000 1.324
10720.000 1.325
10725.000 1.326
10730.000 1.329
10735.000 1.336
10740.000 1.341
10745.000 1.344
10750.000 1.357
10755.000 1.349
10760.000 1.362
10765.000 1.369
10770.000 1.372
10775.000 1.381
10780.000 1.389
10785.000 1.387
10790.000 1.398
10795.000 1.403
10800.000 1.413
10805.000 1.415
10810.000 1.421
10815.000 1.428
10820.000 1.433
10825.000 1.442
10830.000 1.446
10835.000 1.451
10840.000 1.468
10845.000 1.470
10850.000 1.476
10855.000 1.486
10860.000 1.494
10865.000 1.507
10870.000 1.515
10875.000 1.523
10880.000 1.531
10885.000 1.537
10890.000 1.556
10895.000 1.555
10900.000 1.570
10905.000 1.575
10910.000 1.592
10915.000 1.599
10920.000 1.605
10925.000 1.624
10930.000 1.634
10935.000 1.640
10940.000 1.658
10945.000 1.663
10950.000 1.681
10955.000 1.694
10960.000 1.701
10965.000 1.715
10970.000 1.729
10975.000 1.746
10980.000 1.753
10985.000 1.775
10990.000 1.791
10995.000 1.802
11000.000 1.817
11005.000 1.833
11010.000 1.847
11015.000 1.875
11020.000 1.878
11025.000 1.909
11030.000 1.915
11035.000 1.940
11040.000 1.969
11045.000 1.976
11050.000 1.997
11055.000 2.015
11060.000 2.040
11065.000 2.074
11070.000 2.085
11075.000 2.115
11080.000 2.135
11085.000 2.156
11090.000 2.190
11095.000 2.208
11100.000 2.241
11105.000 2.267
11110.000 2.295
11115.000 2.316
11120.000 2.355
11125.000 2.391
11130.000 2.417
11135.000 2.449
11140.000 2.481
11145.000 2.515
11150.000 2.558
11155.000 2.588
11160.000 2.640
11165.000 2.658
11170.000 2.718
11175.000 2.773
11180.000 2.806
11185.000 2.857
11190.000 2.889
11195.000 2.951
11200.000 3.018
11205.000 3.047
11210.000 3.115
11215.000 3.153
11220.000 3.225
11225.000 3.315
11230.000 3.356
11235.000 3.440
11240.000 3.488
11245.000 3.581
11250.000 3.683
11255.000 3.731
11260.000 3.840
11265.000 3.897
11270.000 4.016
11275.000 4.135
11280.000 4.200
11285.000 4.343
11290.000 4.418
11295.000 4.565
11300.000 4.732
11305.000 4.818
11310.000 4.999
11315.000 5.095
11320.000 5.299
11325.000 5.516
11330.000 5.637
11335.000 5.888
11340.000 6.018
11345.000 6.304
11350.000 6.615
11355.000 6.783
11360.000 7.144
11365.000 7.345
11370.000 7.757
11375.000 8.222
11380.000 8.474
11385.000 9.028
11390.000 9.326
11395.000 10.030
11400.000 10.795
11405.000 11.207
11410.000 12.116
11415.000 12.630
11420.000 13.763
11425.000 15.048
11430.000 15.756
11435.000 17.304
11440.000 18.145
11445.000 19.888
11450.000 21.657
11455.000 22.496
11460.000 23.944
11465.000 24.462
11470.000 24.898
11475.000 24.503
11480.000 24.020
11485.000 22.573
11490.000 21.704
11495.000 19.890
11500.000 18.112
11505.000 17.277
11510.000 15.742
11515.000 15.043
11520.000 13.775
11525.000 12.663
11530.000 12.168
11535.000 11.273
11540.000 10.868
11545.000 10.139
11550.000 9.484
11555.000 9.188
11560.000 8.638
11565.000 8.400
11570.000 7.944
11575.000 7.536
11580.000 7.347
11585.000 6.992
11590.000 6.830
11595.000 6.518
11600.000 6.248
11605.000 6.110
11610.000 5.864
11615.000 5.757
11620.000 5.537
11625.000 5.339
11630.000 5.238
11635.000 5.061
11640.000 4.973
11645.000 4.818
11650.000 4.663
11655.000 4.592
11660.000 4.460
11665.000 4.390
11670.000 4.264
11675.000 4.151
11680.000 4.092
11685.000 3.992
11690.000 3.934
11695.000 3.835
11700.000 3.788
11705.000 3.693
11710.000 3.611
11715.000 3.571
11720.000 3.484
11725.000 3.444
11730.000 3.384
11735.000 3.312
11740.000 3.276
11745.000 3.208
11750.000 3.173
11755.000 3.121
11760.000 3.056
11765.000 3.028
11770.000 2.979
11775.000 2.955
11780.000 2.899
11785.000 2.853
11790.000 2.827
11795.000 2.787
11800.000 2.760
11805.000 2.713
11810.000 2.672
11815.000 2.650
11820.000 2.606
11825.000 2.590
11830.000 2.556
11835.000 2.510
11840.000 2.506
11845.000 2.465
11850.000 2.450
11855.000 2.414
11860.000 2.385
11865.000 2.375
11870.000 2.335
11875.000 2.324
11880.000 2.295
11885.000 2.268
11890.000 2.256
11895.000 2.232
11900.000 2.219
11905.000 2.194
11910.000 2.169
11915.000 2.157
11920.000 2.137
11925.000 2.129
11930.000 2.103
11935.000 2.080
11940.000 2.070
11945.000 2.055
11950.000 2.034
11955.000 2.023
11960.000 1.996
11965.000 1.990
11970.000 1.969
11975.000 1.962
11980.000 1.949
11985.000 1.926
11990.000 1.925
11995.000 1.899
12000.000 1.890
12005.000 1.878
12010.000 1.876
12015.000 1.856
12020.000 1.842
12025.000 1.836
12030.000 1.819
12035.000 1.803
12040.000 1.798
12045.000 1.784
12050.000 1.780
12055.000 1.766
12060.000 1.753
12065.000 1.744
12070.000 1.736
12075.000 1.734
12080.000 1.719
12085.000 1.709
12090.000 1.711
12095.000 1.692
12100.000 1.689
12105.000 1.684
12110.000 1.668
12115.000 1.667
12120.000 1.659
12125.000 1.652
12130.000 1.644
12135.000 1.635
12140.000 1.632
12145.000 1.623
12150.000 1.622
12155.000 1.616
12160.000 1.614
12165.000 1.609
12170.000 1.599
12175.000 1.602
12180.000 1.585
12185.000 1.573
12190.000 1.575
12195.000 1.563
12200.000 1.559
12205.000 1.551
12210.000 1.536
12215.000 1.531
12220.000 1.526
12225.000 1.516
12230.000 1.514
12235.000 1.496
12240.000 1.501
12245.000 1.490
12250.000 1.482
12255.000 1.480
12260.000 1.478
12265.000 1.474
12270.000 1.468
12275.000 1.456
12280.000 1.452
12285.000 1.451
12290.000 1.443
12295.000 1.436
12300.000 1.436
12305.000 1.432
12310.000 1.430
12315.000 1.423
12320.000 1.420
12325.000 1.421
12330.000 1.415
12335.000 1.413
12340.000 1.407
12345.000 1.403
12350.000 1.405
12355.000 1.398
12360.000 1.397
12365.000 1.389
12370.000 1.391
12375.000 1.390
12380.000 1.383
12385.000 1.376
12390.000 1.376
12395.000 1.377
12400.000 1.374
12405.000 1.369
12410.000 1.364
12415.000 1.367
12420.000 1.366
12425.000 1.363
12430.000 1.356
12435.000 1.353
12440.000 1.354
12445.000 1.347
12450.000 1.350
12455.000 1.346
12460.000 1.342
12465.000 1.344
12470.000 1.340
12475.000 1.337
12480.000 1.344
12485.000 1.342
12490.000 1.340
12495.000 1.334
12500.000 1.333
12505.000 1.336
12510.000 1.326
12515.000 1.329
12520.000 1.326
12525.000 1.323
12530.000 1.329
12535.000 1.329
12540.000 1.318
12545.000 1.323
12550.000 1.316
12555.000 1.319
12560.000 1.316
12565.000 1.318
12570.000 1.317
12575.000 1.311
12580.000 1.320
12585.000 1.317
12590.000 1.314
12595.000 1.311
12600.000 1.319
12605.000 1.310
12610.000 1.309
12615.000 1.315
12620.000 1.308
12625.000 1.319
12630.000 1.314
12635.000 1.318
12640.000 1.304
12645.000 1.315
12650.000 1.324
12655.000 1.316
12660.000 1.311
12665.000 1.309
12670.000 1.314
12675.000 1.309
12680.000 1.309
12685.000 1.313
12690.000 1.315
12695.000 1.319
12700.000 1.311
12705.000 1.319
12710.000 1.315
12715.000 1.319
12720.000 1.313
12725.000 1.313
12730.000 1.317
12735.000 1.320
12740.000 1.315
12745.000 1.320
12750.000 1.308
12755.000 1.321
12760.000 1.323
12765.000 1.324
12770.000 1.324
12775.000 1.323
12780.000 1.334
12785.000 1.332
12790.000 1.334
12795.000 1.331
12800.000 1.336
12805.000 1.339
12810.000 1.333
12815.000 1.337
12820.000 1.338
12825.000 1.340
12830.000 1.347
12835.000 1.349
12840.000 1.348
12845.000 1.347
12850.000 1.352
12855.000 1.360
12860.000 1.356
12865.000 1.354
12870.000 1.359
12875.000 1.364
12880.000 1.361
12885.000 1.360
12890.000 1.374
12895.000 1.374
12900.000 1.375
12905.000 1.377
12910.000 1.379
12915.000 1.377
12920.000 1.380
12925.000 1.385
12930.000 1.385
12935.000 1.384
12940.000 1.395
12945.000 1.401
12950.000 1.405
12955.000 1.410
12960.000 1.413
12965.000 1.409
12970.000 1.415
12975.000 1.420
12980.000 1.420
12985.000 1.432
12990.000 1.436
12995.000 1.436
13000.000 1.444
13005.000 1.447
13010.000 1.446
13015.000 1.452
13020.000 1.458
13025.000 1.458
13030.000 1.467
13035.000 1.477
13040.000 1.475
13045.000 1.485
13050.000 1.490
13055.000 1.501
13060.000 1.501
13065.000 1.503
13070.000 1.511
13075.000 1.515
13080.000 1.524
13085.000 1.524
13090.000 1.531
13095.000 1.542
13100.000 1.546
13105.000 1.554
13110.000 1.557
13115.000 1.572
13120.000 1.571
13125.000 1.581
13130.000 1.586
13135.000 1.600
13140.000 1.605
13145.000 1.610
13150.000 1.618
13155.000 1.631
13160.000 1.634
13165.000 1.648
13170.000 1.651
13175.000 1.662
13180.000 1.671
13185.000 1.673
13190.000 1.689
13195.000 1.698
13200.000 1.703
13205.000 1.712
13210.000 1.718
13215.000 1.739
13220.000 1.743
13225.000 1.757
13230.000 1.766
13235.000 1.780
13240.000 1.797
13245.000 1.799
13250.000 1.813
13255.000 1.824
13260.000 1.840
13265.000 1.851
13270.000 1.860
13275.000 1.886
13280.000 1.887
13285.000 1.905
13290.000 1.927
13295.000 1.943
13300.000 1.941
13305.000 1.957
13310.000 1.982
13315.000 2.006
13320.000 2.015
13325.000 2.028
13330.000 2.043
13335.000 2.070
13340.000 2.091
13345.000 2.109
13350.000 2.124
13355.000 2.143
13360.000 2.168
13365.000 2.196
13370.000 2.210
13375.000 2.236
13380.000 2.254
13385.000 2.285
13390.000 2.312
13395.000 2.329
13400.000 2.365
13405.000 2.387
13410.000 2.420
13415.000 2.454
13420.000 2.475
13425.000 2.510
13430.000 2.529
13435.000 2.569
13440.000 2.618
13445.000 2.633
13450.000 2.675
13455.000 2.699
13460.000 2.753
13465.000 2.799
13470.000 2.824
13475.000 2.883
13480.000 2.921
13485.000 2.964
13490.000 3.028
13495.000 3.062
13500.000 3.128
13505.000 3.162
13510.000 3.225
13515.000 3.302
13520.000 3.339
13525.000 3.417
13530.000 3.457
13535.000 3.543
13540.000 3.632
13545.000 3.682
13550.000 3.774
13555.000 3.826
13560.000 3.935
13565.000 4.051
13570.000 4.108
13575.000 4.233
13580.000 4.302
13585.000 4.434
13590.000 4.579
13595.000 4.655
13600.000 4.811
13605.000 4.896
13610.000 5.080
13615.000 5.267
13620.000 5.367
13625.000 5.572
13630.000 5.683
13635.000 5.918
13640.000 6.163
13645.000 6.305
13650.000 6.583
13655.000 6.728
13660.000 7.016
13665.000 7.340
13670.000 7.510
13675.000 7.847
13680.000 8.029
13685.000 8.391
13690.000 8.757
13695.000 8.940
13700.000 9.298
13705.000 9.462
13710.000 9.777
13715.000 10.053
13720.000 10.161
13725.000 10.322
13730.000 10.376
13735.000 10.412
13740.000 10.347
13745.000 10.284
13750.000 10.090
13755.000 9.964
13760.000 9.662
13765.000 9.313
13770.000 9.100
13775.000 8.709
13780.000 8.514
13785.000 8.113
13790.000 7.919
13795.000 7.528
13800.000 7.163
13805.000 6.973
13810.000 6.645
13815.000 6.480
13820.000 6.167
13825.000 5.878
13830.000 5.736
13835.000 5.476
13840.000 5.350
13845.000 5.111
13850.000 4.892
13855.000 4.789
13860.000 4.595
13865.000 4.503
13870.000 4.324
13875.000 4.162
13880.000 4.084
13885.000 3.925
13890.000 3.857
13895.000 3.726
13900.000 3.594
13905.000 3.533
13910.000 3.419
13915.000 3.363
13920.000 3.264
13925.000 3.157
13930.000 3.107
13935.000 3.021
13940.000 2.970
13945.000 2.888
13950.000 2.803
13955.000 2.772
13960.000 2.698
13965.000 2.663
13970.000 2.592
13975.000 2.529
13980.000 2.496
13985.000 2.434
13990.000 2.403
13995.000 2.341
14000.000 2.280
14005.000 2.246
14010.000 2.190
14015.000 2.164
14020.000 2.105
14025.000 2.059
14030.000 2.040
14035.000 1.991
14040.000 1.972
14045.000 1.927
14050.000 1.892
14055.000 1.867
14060.000 1.831
14065.000 1.806
14070.000 1.772
14075.000 1.743
14080.000 1.727
14085.000 1.697
14090.000 1.686
14095.000 1.649
14100.000 1.614
14105.000 1.602
14110.000 1.570
14115.000 1.561
14120.000 1.540
14125.000 1.510
14130.000 1.502
14135.000 1.480
14140.000 1.468
14145.000 1.432
14150.000 1.422
14155.000 1.409
14160.000 1.383
14165.000 1.373
14170.000 1.350
14175.000 1.332
14180.000 1.322
14185.000 1.307
14190.000 1.298
14195.000 1.277
14200.000 1.261
14205.000 1.257
14210.000 1.235
14215.000 1.226
14220.000 1.215
14225.000 1.196
14230.000 1.184
14235.000 1.173
14240.000 1.162
14245.000 1.149
14250.000 1.130
14255.000 1.127
14260.000 1.112
14265.000 1.103
14270.000 1.087
14275.000 1.083
14280.000 1.073
14285.000 1.059
14290.000 1.054
14295.000 1.043
14300.000 1.030
14305.000 1.020
14310.000 1.010
14315.000 1.007
14320.000 0.990
14325.000 0.992
14330.000 0.977
14335.000 0.973
14340.000 0.973
14345.000 0.953
14350.000 0.944
14355.000 0.937
14360.000 0.930
14365.000 0.920
14370.000 0.917
14375.000 0.910
14380.000 0.893
14385.000 0.888
14390.000 0.889
14395.000 0.877
14400.000 0.869
14405.000 0.859
14410.000 0.851
14415.000 0.852
14420.000 0.845
14425.000 0.835
14430.000 0.831
14435.000 0.825
14440.000 0.820
14445.000 0.808
14450.000 0.805
14455.000 0.801
14460.000 0.786
14465.000 0.782
14470.000 0.778
14475.000 0.772
14480.000 0.769
14485.000 0.768
14490.000 0.756
14495.000 0.748
14500.000 0.742
14505.000 0.738
14510.000 0.732
14515.000 0.730
14520.000 0.724
14525.000 0.721
14530.000 0.715
14535.000 0.708
14540.000 0.702
14545.000 0.697
14550.000 0.696
14555.000 0.683
14560.000 0.684
14565.000 0.676
14570.000 0.668
14575.000 0.670
14580.000 0.658
14585.000 0.648
14590.000 0.644
14595.000 0.646
14600.000 0.643
14605.000 0.634
14610.000 0.629
14615.000 0.625
14620.000 0.617
14625.000 0.619
14630.000 0.613
14635.000 0.606
14640.000 0.603
14645.000 0.595
14650.000 0.592
14655.000 0.588
14660.000 0.582
14665.000 0.580
14670.000 0.572
14675.000 0.571
14680.000 0.567
14685.000 0.559
14690.000 0.553
14695.000 0.550
14700.000 0.546
14705.000 0.543
14710.000 0.532
14715.000 0.533
14720.000 0.537
14725.000 0.525
14730.000 0.524
14735.000 0.519
14740.000 0.517
14745.000 0.513
14750.000 0.508
14755.000 0.495
14760.000 0.498
14765.000 0.494
14770.000 0.490
14775.000 0.483
14780.000 0.479
14785.000 0.474
14790.000 0.472
14795.000 0.471
14800.000 0.472
14805.000 0.464
14810.000 0.460
14815.000 0.453
14820.000 0.452
14825.000 0.446
14830.000 0.440
14835.000 0.444
14840.000 0.435
14845.000 0.438
14850.000 0.434
14855.000 0.427
14860.000 0.426
14865.000 0.420
14870.000 0.421
14875.000 0.421
14880.000 0.414
14885.000 0.412
14890.000 0.406
14895.000 0.408
14900.000 0.403
14905.000 0.397
14910.000 0.400
14915.000 0.402
14920.000 0.395
14925.000 0.396
14930.000 0.387
14935.000 0.398
14940.000 0.395
14945.000 0.393
14950.000 0.392
14955.000 0.389
14960.000 0.386
14965.000 0.383
14970.000 0.383
14975.000 0.386
14980.000 0.381
14985.000 0.383
14990.000 0.382
14995.000 0.385
15000.000 0.382
15005.000 0.382
15010.000 0.381
15015.000 0.379
15020.000 0.375
15025.000 0.376
15030.000 0.371
15035.000 0.371
15040.000 0.372
15045.000 0.377
15050.000 0.379
15055.000 0.375
15060.000 0.373
15065.000 0.376
15070.000 0.375
15075.000 0.377
15080.000 0.380
15085.000 0.376
15090.000 0.379
15095.000 0.380
15100.000 0.377
15105.000 0.387
15110.000 0.376
15115.000 0.381
15120.000 0.390
15125.000 0.382
15130.000 0.385
15135.000 0.391
15140.000 0.382
15145.000 0.397
15150.000 0.390
15155.000 0.395
15160.000 0.393
15165.000 0.400
15170.000 0.400
15175.000 0.402
15180.000 0.399
15185.000 0.402
15190.000 0.408
15195.000 0.412
15200.000 0.411
15205.000 0.417
15210.000 0.416
15215.000 0.418
15220.000 0.424
15225.000 0.422
15230.000 0.426
15235.000 0.428
15240.000 0.433
15245.000 0.442
15250.000 0.441
15255.000 0.448
15260.000 0.448
15265.000 0.453
15270.000 0.460
15275.000 0.454
15280.000 0.461
15285.000 0.469
15290.000 0.472
15295.000 0.474
15300.000 0.474
15305.000 0.484
15310.000 0.488
15315.000 0.495
15320.000 0.495
15325.000 0.498
15330.000 0.508
15335.000 0.511
15340.000 0.519
15345.000 0.525
15350.000 0.529
15355.000 0.532
15360.000 0.534
15365.000 0.544
15370.000 0.551
15375.000 0.557
15380.000 0.564
15385.000 0.566
15390.000 0.576
15395.000 0.579
15400.000 0.593
15405.000 0.589
15410.000 0.596
15415.000 0.606
15420.000 0.613
15425.000 0.622
15430.000 0.635
15435.000 0.632
15440.000 0.650
15445.000 0.658
15450.000 0.663
15455.000 0.669
15460.000 0.673
15465.000 0.684
15470.000 0.698
15475.000 0.705
15480.000 0.711
15485.000 0.713
15490.000 0.730
15495.000 0.749
15500.000 0.747
15505.000 0.769
15510.000 0.768
15515.000 0.785
15520.000 0.795
15525.000 0.810
15530.000 0.816
15535.000 0.830
15540.000 0.838
15545.000 0.856
15550.000 0.867
15555.000 0.880
15560.000 0.890
15565.000 0.907
15570.000 0.915
15575.000 0.931
15580.000 0.947
15585.000 0.964
15590.000 0.982
15595.000 0.984
15600.000 1.013
15605.000 1.025
15610.000 1.040
15615.000 1.062
15620.000 1.071
15625.000 1.093
15630.000 1.111
15635.000 1.132
15640.000 1.152
15645.000 1.169
15650.000 1.186
15655.000 1.215
15660.000 1.231
15665.000 1.253
15670.000 1.272
15675.000 1.303
15680.000 1.337
15685.000 1.350
15690.000 1.381
15695.000 1.397
15700.000 1.433
15705.000 1.465
15710.000 1.486
15715.000 1.521
15720.000 1.536
15725.000 1.579
15730.000 1.613
15735.000 1.639
15740.000 1.681
15745.000 1.702
15750.000 1.750
15755.000 1.798
15760.000 1.825
15765.000 1.875
15770.000 1.905
15775.000 1.956
15780.000 2.012
15785.000 2.040
15790.000 2.097
15795.000 2.132
15800.000 2.193
15805.000 2.261
15810.000 2.302
15815.000 2.372
15820.000 2.418
15825.000 2.495
15830.000 2.571
15835.000 2.616
15840.000 2.710
15845.000 2.756
15850.000 2.858
15855.000 2.920
15860.000 3.018
15865.000 3.138
15870.000 3.192
15875.000 3.319
15880.000 3.382
15885.000 3.516
15890.000 3.663
15895.000 3.737
15900.000 3.885
15905.000 3.968
15910.000 4.130
15915.000 4.300
15920.000 4.374
15925.000 4.538
15930.000 4.624
15935.000 4.769
15940.000 4.903
15945.000 4.972
15950.000 5.110
15955.000 5.171
15960.000 5.310
15965.000 5.465
15970.000 5.540
15975.000 5.698
15980.000 5.786
15985.000 5.946
15990.000 6.106
15995.000 6.185
16000.000 6.328
