0.500 0.052
1.000 0.157
1.500 0.134
2.000 0.114
2.500 0.090
3.000 0.108
3.500 0.387
4.000 0.327
4.500 0.369
5.000 0.174
5.500 0.231
6.000 0.179
6.500 0.078
7.000 0.186
7.500 0.207
8.000 0.147
8.500 0.330
9.000 0.132
9.500 0.253
10.000 0.276
10.500 0.209
11.000 0.171
11.500 0.247
12.000 0.239
12.500 0.262
13.000 0.383
13.500 0.318
14.000 0.146
14.500 0.180
15.000 0.138
15.500 0.191
16.000 0.320
16.500 0.341
17.000 0.258
17.500 0.163
18.000 0.084
18.500 0.130
19.000 0.286
19.500 0.273
20.000 0.232
20.500 0.123
21.000 0.295
21.500 0.167
22.000 0.179
22.500 0.141
23.000 0.218
23.500 0.404
24.000 0.419
24.500 0.396
25.000 0.773
25.500 0.306
26.000 0.451
26.500 0.657
27.000 0.263
27.500 0.192
28.000 0.348
28.500 0.356
29.000 0.630
29.500 0.811
30.000 0.282
30.500 0.515
31.000 0.243
31.500 0.263
32.000 0.334
32.500 0.151
33.500 0.237
34.000 0.364
34.500 0.532
35.000 0.547
35.500 0.359
36.000 0.319
36.500 0.348
37.000 0.400
37.500 0.245
38.000 0.375
38.500 0.403
39.000 0.271
39.500 0.281
40.000 0.253
40.500 0.310
41.000 0.379
41.500 0.143
42.000 0.375
42.500 0.306
43.000 0.312
43.500 0.327
44.000 0.189
44.500 0.180
45.000 0.349
45.500 0.290
46.000 0.247
46.500 0.224
47.000 0.419
47.500 0.410
48.000 0.361
48.500 0.347
49.000 0.220
49.500 0.340
50.000 0.267
50.500 0.239
51.000 0.264
51.500 0.288
52.000 0.350
52.500 0.354
53.000 0.424
53.500 0.368
54.000 0.257
54.500 0.264
55.000 0.248
55.500 0.464
56.000 0.340
56.500 0.350
57.000 0.442
57.500 0.479
58.000 0.238
58.500 0.338
59.000 0.322
59.500 0.399
60.000 0.309
60.500 0.363
61.000 0.477
61.500 0.244
62.000 0.346
62.500 0.370
63.000 0.243
63.500 0.432
64.000 0.354
64.500 0.200
65.000 0.399
65.500 0.419
66.000 0.206
66.500 0.334
67.000 0.397
67.500 0.360
68.000 0.463
68.500 0.387
69.000 0.438
69.500 0.490
70.000 0.321
70.500 0.416
71.000 0.261
71.500 0.380
72.000 0.372
72.500 0.369
73.000 0.362
73.500 0.426
74.000 0.332
74.500 0.433
75.000 0.336
75.500 0.396
76.000 0.394
76.500 0.271
77.000 0.424
77.500 0.409
78.000 0.368
78.500 0.221
79.000 0.322
79.500 0.282
80.000 0.427
80.500 0.414
81.000 0.444
81.500 0.394
82.000 0.360
82.500 0.279
83.000 0.406
83.500 0.416
84.000 0.368
84.500 0.381
85.000 0.380
85.500 0.283
86.000 0.412
86.500 0.393
87.000 0.295
87.500 0.466
88.000 0.425
88.500 0.304
89.000 0.512
89.500 0.502
90.000 0.592
90.500 0.467
91.000 0.389
91.500 0.351
92.000 0.671
92.500 0.619
93.000 0.289
93.500 0.474
94.000 0.343
94.500 0.546
95.000 0.338
95.500 0.903
96.000 0.560
96.500 0.542
97.000 0.475
97.500 0.557
98.000 0.890
98.500 0.809
99.000 0.449
99.500 0.409
100.000 0.549
100.500 0.334
101.000 0.617
101.500 0.442
102.000 0.513
102.500 0.535
103.000 0.434
103.500 0.440
104.000 0.426
104.500 0.467
105.000 0.491
105.500 0.467
106.000 0.403
106.500 0.414
107.000 0.417
107.500 0.407
108.000 0.474
108.500 0.397
109.000 0.432
109.500 0.349
110.000 0.625
110.500 0.406
111.000 0.536
111.500 0.560
112.000 0.571
112.500 0.601
113.000 0.525
113.500 0.648
114.000 0.457
114.500 0.597
115.000 0.508
115.500 0.791
116.000 0.619
116.500 0.500
117.000 0.480
117.500 0.669
118.000 0.575
118.500 0.419
119.000 0.664
119.500 0.470
120.000 0.884
120.500 0.719
121.000 0.515
121.500 0.566
122.000 0.724
122.500 0.572
123.000 0.429
123.500 0.659
124.000 0.554
124.500 0.609
125.000 0.673
125.500 0.743
126.000 0.656
126.500 0.672
127.000 0.632
127.500 0.447
128.000 0.276
128.500 0.715
129.000 0.907
129.500 0.537
130.000 0.887
130.500 0.795
131.000 0.549
131.500 0.680
132.000 0.664
132.500 0.664
133.000 0.661
133.500 0.827
134.000 0.866
134.500 0.513
135.000 0.604
135.500 0.888
136.000 0.910
136.500 0.917
137.000 0.689
137.500 0.631
138.000 0.899
138.500 0.745
139.000 0.891
139.500 0.892
140.000 0.882
140.500 0.725
141.000 1.079
141.500 0.953
142.000 0.911
142.500 0.817
143.000 1.016
143.500 0.937
144.000 0.825
144.500 0.794
145.000 1.011
145.500 0.744
146.000 0.791
146.500 0.974
147.000 0.890
147.500 0.968
148.000 1.042
148.500 0.958
149.000 0.961
149.500 0.935
150.000 0.935
150.500 0.915
151.000 0.888
151.500 0.959
152.000 0.869
152.500 0.995
153.000 1.187
153.500 1.164
154.000 1.245
154.500 0.906
155.000 1.205
155.500 1.175
156.000 1.439
156.500 1.130
157.000 1.370
157.500 1.504
158.000 1.097
158.500 1.324
159.000 1.345
159.500 1.237
160.000 1.459
160.500 1.425
161.000 1.485
161.500 1.551
162.000 1.565
162.500 1.707
163.000 1.791
163.500 1.842
164.000 1.804
164.500 1.663
165.000 1.682
165.500 0.978
166.000 1.762
166.500 1.402
167.000 1.397
167.500 1.827
168.000 1.994
168.500 2.352
169.000 2.118
169.500 2.079
170.000 1.928
170.500 2.197
171.000 2.221
171.500 2.352
172.000 2.232
172.500 2.472
173.000 2.609
173.500 2.554
174.000 2.442
174.500 2.685
175.000 2.727
175.500 2.821
176.000 2.742
176.500 3.000
177.000 2.921
177.500 3.104
178.000 2.929
178.500 3.361
179.000 3.401
179.500 3.430
180.000 3.515
180.500 3.608
181.000 3.661
181.500 3.840
182.000 3.994
182.500 4.116
183.000 4.173
183.500 4.296
184.000 4.482
184.500 4.624
185.000 4.901
185.500 4.967
186.000 5.218
186.500 5.365
187.000 5.611
187.500 5.726
188.000 5.945
188.500 6.204
189.000 6.140
189.500 6.403
190.000 6.657
190.500 6.901
191.000 6.908
191.500 7.027
192.000 7.098
192.500 7.266
193.000 7.357
193.500 7.227
194.000 7.386
194.500 7.209
195.000 7.165
195.500 7.167
196.000 7.100
196.500 7.101
197.000 6.845
197.500 6.723
198.000 6.515
198.500 6.433
199.000 6.386
199.500 6.010
200.000 5.904
200.500 5.820
201.000 5.651
201.500 5.665
202.000 5.447
202.500 5.207
203.000 4.947
203.500 4.724
204.000 4.740
204.500 4.652
205.000 4.692
205.500 4.540
206.000 4.275
206.500 4.231
207.000 4.176
207.500 3.886
208.000 4.014
208.500 3.655
209.000 3.790
209.500 3.598
210.000 3.578
210.500 3.641
211.000 3.411
211.500 3.534
212.000 3.209
212.500 3.203
213.000 3.325
213.500 3.172
214.000 3.147
214.500 2.976
215.000 3.026
215.500 3.010
216.000 3.008
216.500 2.912
217.000 2.842
217.500 2.801
218.000 2.624
218.500 2.531
219.000 2.678
219.500 2.597
220.000 2.548
220.500 2.671
221.000 2.566
221.500 2.511
222.000 2.360
222.500 2.313
223.000 2.352
223.500 2.417
224.000 2.275
224.500 2.333
225.000 2.255
225.500 2.189
226.000 2.192
226.500 2.241
227.000 2.070
227.500 1.996
228.000 2.174
228.500 2.196
229.000 2.031
229.500 2.056
230.000 2.083
230.500 2.132
231.000 2.125
231.500 2.104
232.000 1.998
232.500 2.013
233.000 1.885
233.500 1.922
234.000 1.890
234.500 1.879
235.000 1.813
235.500 1.761
236.000 1.723
236.500 2.013
237.000 1.787
237.500 1.670
238.000 1.888
238.500 1.780
239.000 1.786
239.500 1.812
240.000 1.637
240.500 1.783
241.000 1.624
241.500 1.663
242.000 1.710
242.500 1.672
243.000 1.793
243.500 1.568
244.000 1.564
244.500 1.754
245.000 1.579
245.500 1.520
246.000 1.617
246.500 1.700
247.000 1.712
247.500 1.565
248.000 1.545
248.500 1.430
249.000 1.472
249.500 1.499
250.000 1.532
250.500 1.450
251.000 1.439
251.500 1.432
252.000 1.372
252.500 1.474
253.000 1.448
253.500 1.558
254.000 1.532
254.500 1.414
255.000 1.382
255.500 1.453
256.000 1.467
256.500 1.372
257.000 1.385
257.500 1.440
258.000 1.383
258.500 1.538
259.000 1.446
259.500 1.339
260.000 1.474
260.500 1.394
261.000 1.371
261.500 1.290
262.000 1.200
262.500 1.305
263.000 1.233
263.500 1.346
264.000 1.363
264.500 1.268
265.000 1.397
265.500 1.432
266.000 1.381
266.500 1.226
267.000 1.213
267.500 1.378
268.000 1.412
268.500 1.328
269.000 1.347
269.500 1.340
270.000 1.251
270.500 1.351
271.000 1.333
271.500 1.287
272.000 1.264
272.500 1.303
273.000 1.258
273.500 1.156
274.000 1.210
274.500 1.277
275.000 1.240
275.500 1.263
276.000 1.279
276.500 1.197
277.000 1.175
277.500 1.303
278.000 1.264
278.500 1.171
279.000 1.116
279.500 1.191
280.000 1.149
280.500 1.274
281.000 1.271
281.500 1.256
282.000 1.223
282.500 1.246
283.000 1.299
283.500 1.247
284.000 1.248
284.500 1.195
285.000 1.088
285.500 1.120
286.000 1.173
286.500 1.210
287.000 1.133
287.500 1.122
288.000 1.127
288.500 1.177
289.000 1.108
289.500 1.142
290.000 1.239
290.500 1.097
291.000 1.112
291.500 1.098
292.000 1.240
292.500 1.172
293.000 1.216
293.500 1.139
294.000 1.190
294.500 1.113
295.000 1.203
295.500 1.160
296.000 1.148
296.500 1.124
297.000 1.179
297.500 1.049
298.000 1.048
298.500 1.168
299.000 1.127
299.500 1.182
300.000 1.078
300.500 1.098
301.000 1.108
301.500 1.201
302.000 1.143
302.500 1.071
303.000 1.039
303.500 1.107
304.000 1.101
304.500 1.141
305.000 1.128
305.500 1.160
306.000 1.056
306.500 1.113
307.000 1.140
307.500 1.092
308.000 1.134
308.500 1.164
309.000 1.091
309.500 1.036
310.000 0.999
310.500 1.159
311.000 1.094
311.500 1.103
312.000 1.068
312.500 1.000
313.000 1.035
313.500 1.050
314.000 1.073
314.500 1.000
315.000 0.965
315.500 1.025
316.000 1.108
316.500 1.143
317.000 1.116
317.500 1.133
318.000 1.091
318.500 1.066
319.000 1.074
319.500 1.090
320.000 1.136
320.500 1.033
321.000 1.014
321.500 0.978
322.000 1.045
322.500 1.090
323.000 1.057
323.500 1.032
324.000 1.001
324.500 1.124
325.000 1.011
325.500 1.033
326.000 1.071
326.500 1.041
327.000 1.116
327.500 1.044
328.000 1.087
328.500 1.045
329.000 1.039
329.500 0.948
330.000 1.095
330.500 0.994
331.000 1.105
331.500 0.980
332.000 0.958
332.500 1.109
333.000 1.155
333.500 0.972
334.000 0.963
334.500 0.965
335.000 1.127
335.500 1.074
336.000 0.970
336.500 0.965
337.000 1.064
337.500 0.956
338.000 0.984
338.500 0.988
339.000 0.973
339.500 1.056
340.000 0.954
340.500 1.085
341.000 0.984
341.500 1.077
342.000 0.904
342.500 0.991
343.000 1.073
343.500 1.009
344.000 1.033
344.500 1.029
345.000 0.980
345.500 0.951
346.000 1.064
346.500 1.105
347.000 1.067
347.500 0.991
348.000 0.972
348.500 0.964
349.000 0.982
349.500 0.960
350.000 0.987
350.500 0.990
351.000 1.017
351.500 0.972
352.000 0.957
352.500 0.920
353.000 0.971
353.500 0.990
354.000 1.075
354.500 1.051
355.000 0.932
355.500 1.016
356.000 1.051
356.500 0.960
357.000 0.922
357.500 1.035
358.000 0.964
358.500 0.962
359.000 1.064
359.500 0.948
360.000 1.051
360.500 0.956
361.000 1.035
361.500 0.972
362.000 1.059
362.500 0.982
363.000 0.961
363.500 1.068
364.000 1.107
364.500 0.993
365.000 1.056
365.500 1.051
366.000 0.957
366.500 0.930
367.000 1.057
367.500 1.034
368.000 0.994
368.500 1.008
369.000 1.034
369.500 0.950
370.000 1.008
370.500 1.040
371.000 0.964
371.500 1.067
372.000 0.951
372.500 1.068
373.000 0.961
373.500 1.022
374.000 0.972
374.500 0.952
375.000 1.041
375.500 0.943
376.000 0.918
376.500 1.093
377.000 1.002
377.500 0.956
378.000 1.018
378.500 1.005
379.000 1.033
379.500 1.023
380.000 0.964
380.500 0.953
381.000 0.954
381.500 0.929
382.000 0.930
382.500 0.982
383.000 0.969
383.500 0.918
384.000 0.896
384.500 0.946
385.000 0.976
385.500 1.031
386.000 0.978
386.500 0.938
387.000 0.923
387.500 0.970
388.000 1.022
388.500 0.972
389.000 0.992
389.500 1.097
390.000 0.971
390.500 1.011
391.000 0.975
391.500 1.042
392.000 1.086
392.500 0.933
393.000 0.988
393.500 1.000
394.000 0.942
394.500 1.028
395.000 0.952
395.500 1.010
396.000 1.051
396.500 1.026
397.000 1.088
397.500 1.069
398.000 1.009
398.500 1.011
399.000 0.953
399.500 1.071
400.000 1.075
400.500 1.023
401.000 1.024
401.500 1.049
402.000 0.993
402.500 1.048
403.000 1.039
403.500 1.018
404.000 0.970
404.500 1.044
405.000 1.031
405.500 0.961
406.000 1.037
406.500 1.113
407.000 1.016
407.500 1.033
408.000 0.992
408.500 1.068
409.000 0.938
409.500 1.004
410.000 1.013
410.500 0.992
411.000 1.071
411.500 0.919
412.000 0.973
412.500 1.055
413.000 0.992
413.500 0.960
414.000 1.070
414.500 1.089
415.000 1.058
415.500 0.993
416.000 0.948
416.500 0.929
417.000 0.929
417.500 0.988
418.000 0.992
418.500 0.979
419.000 0.950
419.500 0.945
420.000 1.000
420.500 0.969
421.000 0.981
421.500 1.083
422.000 1.074
422.500 1.000
423.000 0.973
423.500 0.986
424.000 1.749
424.500 1.426
425.000 1.163
425.500 1.097
426.000 0.973
426.500 1.081
427.000 1.075
427.500 1.018
428.000 1.054
428.500 0.958
429.000 1.005
429.500 0.986
430.000 0.965
430.500 0.991
431.000 0.921
431.500 0.941
432.000 0.994
432.500 0.947
433.000 1.060
433.500 1.071
434.000 1.087
434.500 0.946
435.000 0.921
435.500 1.074
436.000 1.034
436.500 0.976
437.000 1.017
437.500 1.044
438.000 0.907
438.500 1.023
439.000 1.020
439.500 0.984
440.000 1.010
440.500 1.015
441.000 0.963
441.500 0.971
442.000 0.885
442.500 1.024
443.000 0.922
443.500 0.920
444.000 1.021
444.500 0.906
445.000 0.896
445.500 0.993
446.000 1.011
446.500 0.873
447.000 0.828
447.500 0.847
448.000 0.842
448.500 0.944
449.000 0.936
449.500 0.937
450.000 0.946
450.500 0.949
451.000 0.957
451.500 0.910
452.000 0.869
452.500 0.821
453.000 0.784
453.500 0.782
454.000 0.884
454.500 0.893
455.000 0.814
455.500 0.758
456.000 0.792
456.500 0.855
457.000 0.747
457.500 0.816
458.000 0.880
458.500 0.689
459.000 0.865
459.500 0.752
460.000 0.836
460.500 0.763
461.000 0.827
461.500 0.659
462.000 0.815
462.500 0.726
463.000 0.791
463.500 0.800
464.000 0.646
464.500 0.696
465.000 0.739
465.500 0.646
466.000 0.637
466.500 0.755
467.000 0.695
467.500 0.675
468.000 0.683
468.500 0.703
469.000 0.602
469.500 0.589
470.000 0.687
470.500 0.538
471.000 0.631
471.500 0.545
472.000 0.647
472.500 0.628
473.000 0.674
473.500 0.534
474.000 0.621
474.500 0.514
475.000 0.591
475.500 0.608
476.000 0.478
476.500 0.519
477.000 0.588
477.500 0.468
478.000 0.450
478.500 0.532
479.000 0.539
479.500 0.564
480.000 0.525
480.500 0.466
481.000 0.422
481.500 0.415
482.000 0.425
482.500 0.403
483.000 0.420
483.500 0.410
484.000 0.436
484.500 0.474
485.000 0.507
485.500 0.472
486.000 0.407
486.500 0.363
487.000 0.428
487.500 0.446
488.000 0.415
488.500 0.324
489.000 0.411
489.500 0.388
490.000 0.397
490.500 0.427
491.000 0.316
491.500 0.347
492.000 0.353
492.500 0.422
493.000 0.331
493.500 0.384
494.000 0.303
494.500 0.343
495.000 0.415
495.500 0.307
496.000 0.315
496.500 0.346
497.000 0.324
497.500 0.273
498.000 0.394
498.500 0.360
499.000 0.304
499.500 0.318
500.000 0.319
500.500 0.298
501.000 0.321
501.500 0.326
502.000 0.284
502.500 0.272
503.000 0.326
503.500 0.286
504.000 0.314
504.500 0.278
505.000 0.365
505.500 0.275
506.000 0.330
506.500 0.327
507.000 0.260
507.500 0.373
508.000 0.343
508.500 0.260
509.000 0.302
509.500 0.340
510.000 0.306
510.500 0.253
511.000 0.285
511.500 0.292
512.000 0.299
512.500 0.336
513.000 0.330
513.500 0.307
514.000 0.302
514.500 0.323
515.000 0.353
515.500 0.344
516.000 0.329
516.500 0.313
517.000 0.285
517.500 0.237
518.000 0.268
518.500 0.304
519.000 0.295
519.500 0.266
520.000 0.298
520.500 0.309
521.000 0.334
521.500 0.281
522.000 0.303
522.500 0.229
523.000 0.295
523.500 0.320
524.000 0.341
524.500 0.247
525.000 0.331
525.500 0.290
526.000 0.275
526.500 0.310
527.000 0.264
527.500 0.295
528.000 0.289
528.500 0.304
529.000 0.311
529.500 0.351
530.000 0.302
530.500 0.325
531.000 0.297
531.500 0.324
532.000 0.361
532.500 0.284
533.000 0.283
533.500 0.292
534.000 0.293
534.500 0.352
535.000 0.271
535.500 0.285
536.000 0.294
536.500 0.329
537.000 0.294
537.500 0.352
538.000 0.314
538.500 0.303
539.000 0.349
539.500 0.311
540.000 0.376
540.500 0.281
541.000 0.316
541.500 0.312
542.000 0.354
542.500 0.336
543.000 0.310
543.500 0.344
544.000 0.302
544.500 0.316
545.000 0.336
545.500 0.349
546.000 0.288
546.500 0.290
547.000 0.368
547.500 0.379
548.000 0.351
548.500 0.331
549.000 0.320
549.500 0.329
550.000 0.339
550.500 0.364
551.000 0.343
551.500 0.332
552.000 0.365
552.500 0.352
553.000 0.364
553.500 0.352
554.000 0.311
554.500 0.324
555.000 0.368
555.500 0.381
556.000 0.327
556.500 0.335
557.000 0.368
557.500 0.329
558.000 0.359
558.500 0.337
559.000 0.328
559.500 0.374
560.000 0.301
560.500 0.382
561.000 0.369
561.500 0.376
562.000 0.371
562.500 0.366
563.000 0.362
563.500 0.361
564.000 0.360
564.500 0.396
565.000 0.332
565.500 0.316
566.000 0.338
566.500 0.372
567.000 0.389
567.500 0.308
568.000 0.323
568.500 0.356
569.000 0.331
569.500 0.342
570.000 0.376
570.500 0.339
571.000 0.374
571.500 0.371
572.000 0.382
572.500 0.312
573.000 0.382
573.500 0.376
574.000 0.368
574.500 0.339
575.000 0.341
575.500 0.399
576.000 0.325
576.500 0.357
577.000 0.412
577.500 0.360
578.000 0.349
578.500 0.386
579.000 0.376
579.500 0.396
580.000 0.417
580.500 0.369
581.000 0.352
581.500 0.401
582.000 0.374
582.500 0.381
583.000 0.398
583.500 0.386
584.000 0.413
584.500 0.419
585.000 0.408
585.500 0.375
586.000 0.360
586.500 0.384
587.000 0.378
587.500 0.408
588.000 0.373
588.500 0.398
589.000 0.424
589.500 0.349
590.000 0.400
590.500 0.397
591.000 0.402
591.500 0.398
592.000 0.384
592.500 0.415
593.000 0.390
593.500 0.392
594.000 0.425
594.500 0.376
595.000 0.430
595.500 0.384
596.000 0.372
596.500 0.427
597.000 0.443
597.500 0.380
598.000 0.396
598.500 0.390
599.000 0.417
599.500 0.418
600.000 0.362
600.500 0.360
601.000 0.388
601.500 0.380
602.000 0.368
602.500 0.404
603.000 0.399
603.500 0.412
604.000 0.378
604.500 0.441
605.000 0.381
605.500 0.389
606.000 0.394
606.500 0.404
607.000 0.423
607.500 0.379
608.000 0.435
608.500 0.413
609.000 0.409
609.500 0.380
610.000 0.392
610.500 0.403
611.000 0.393
611.500 0.416
612.000 0.365
612.500 0.392
613.000 0.428
613.500 0.419
614.000 0.366
614.500 0.375
615.000 0.395
615.500 0.415
616.000 0.448
616.500 0.437
617.000 0.405
617.500 0.408
618.000 0.403
618.500 0.406
619.000 0.414
619.500 0.424
620.000 0.437
620.500 0.444
621.000 0.433
621.500 0.426
622.000 0.414
622.500 0.407
623.000 0.429
623.500 0.460
624.000 0.400
624.500 0.382
625.000 0.440
625.500 0.389
626.000 0.403
626.500 0.430
627.000 0.387
627.500 0.441
628.000 0.410
628.500 0.441
629.000 0.385
629.500 0.455
630.000 0.408
630.500 0.407
631.000 0.438
631.500 0.394
632.000 0.449
632.500 0.447
633.000 0.446
633.500 0.417
634.000 0.428
634.500 0.447
635.000 0.432
635.500 0.436
636.000 0.391
636.500 0.401
637.000 0.464
637.500 0.415
638.000 0.395
638.500 0.450
639.000 0.414
639.500 0.441
640.000 0.387
640.500 0.441
641.000 0.386
641.500 0.469
642.000 0.443
642.500 0.438
643.000 0.420
643.500 0.390
644.000 0.435
644.500 0.456
645.000 0.427
645.500 0.406
646.000 0.422
646.500 0.464
647.000 0.467
647.500 0.428
648.000 0.394
648.500 0.391
649.000 0.417
649.500 0.415
650.000 0.424
650.500 0.426
651.000 0.418
651.500 0.415
652.000 0.397
652.500 0.398
653.000 0.444
653.500 0.451
654.000 0.467
654.500 0.422
655.000 0.399
655.500 0.434
656.000 0.479
656.500 0.397
657.000 0.399
657.500 0.460
658.000 0.406
658.500 0.458
659.000 0.434
659.500 0.439
660.000 0.448
660.500 0.451
661.000 0.458
661.500 0.455
662.000 0.437
662.500 0.469
663.000 0.451
663.500 0.447
664.000 0.450
664.500 0.406
665.000 0.409
665.500 0.410
666.000 0.486
666.500 0.447
667.000 0.424
667.500 0.423
668.000 0.396
668.500 0.480
669.000 0.444
669.500 0.443
670.000 0.448
670.500 0.425
671.000 0.502
671.500 0.436
672.000 0.453
672.500 0.408
673.000 0.471
673.500 0.437
674.000 0.462
674.500 0.455
675.000 0.436
675.500 0.475
676.000 0.425
676.500 0.413
677.000 0.442
677.500 0.458
678.000 0.429
678.500 0.427
679.000 0.466
679.500 0.437
680.000 0.458
680.500 0.494
681.000 0.454
681.500 0.471
682.000 0.451
682.500 0.473
683.000 0.466
683.500 0.457
684.000 0.452
684.500 0.451
685.000 0.453
685.500 0.416
686.000 0.426
686.500 0.450
687.000 0.464
687.500 0.443
688.000 0.406
688.500 0.438
689.000 0.447
689.500 0.422
690.000 0.482
690.500 0.472
691.000 0.440
691.500 0.442
692.000 0.460
692.500 0.444
693.000 0.406
693.500 0.478
694.000 0.455
694.500 0.439
695.000 0.483
695.500 0.400
696.000 0.455
696.500 0.450
697.000 0.458
697.500 0.446
698.000 0.469
698.500 0.471
699.000 0.474
699.500 0.462
700.000 0.478
700.500 0.400
701.000 0.409
701.500 0.482
702.000 0.454
702.500 0.472
703.000 0.459
703.500 0.465
704.000 0.460
704.500 0.493
705.000 0.476
705.500 0.467
706.000 0.458
706.500 0.477
707.000 0.455
707.500 0.467
708.000 0.482
708.500 0.470
709.000 0.412
709.500 0.442
710.000 0.489
710.500 0.456
711.000 0.482
711.500 0.420
712.000 0.411
712.500 0.464
713.000 0.498
713.500 0.451
714.000 0.418
714.500 0.476
715.000 0.485
715.500 0.473
716.000 0.479
716.500 0.438
717.000 0.447
717.500 0.450
718.000 0.430
718.500 0.431
719.000 0.444
719.500 0.453
720.000 0.497
720.500 0.484
721.000 0.460
721.500 0.469
722.000 0.435
722.500 0.444
723.000 0.459
723.500 0.480
724.000 0.445
724.500 0.402
725.000 0.499
725.500 0.481
726.000 0.433
726.500 0.477
727.000 0.430
727.500 0.494
728.000 0.445
728.500 0.485
729.000 0.447
729.500 0.493
730.000 0.461
730.500 0.495
731.000 0.473
731.500 0.472
732.000 0.487
732.500 0.475
733.000 0.416
733.500 0.436
734.000 0.519
734.500 0.513
735.000 0.494
735.500 0.422
736.000 0.433
736.500 0.478
737.000 0.439
737.500 0.447
738.000 0.498
738.500 0.463
739.000 0.517
739.500 0.437
740.000 0.452
740.500 0.461
741.000 0.485
741.500 0.453
742.000 0.499
742.500 0.431
743.000 0.470
743.500 0.482
744.000 0.433
744.500 0.453
745.000 0.493
745.500 0.461
746.000 0.455
746.500 0.422
747.000 0.450
747.500 0.481
748.000 0.501
748.500 0.493
749.000 0.499
749.500 0.486
750.000 0.471
750.500 0.491
751.000 0.479
751.500 0.514
752.000 0.498
752.500 0.500
753.000 0.478
753.500 0.443
754.000 0.419
754.500 0.481
755.000 0.516
755.500 0.474
756.000 0.446
756.500 0.491
757.000 0.489
757.500 0.456
758.000 0.509
758.500 0.460
759.000 0.471
759.500 0.467
760.000 0.491
760.500 0.475
761.000 0.485
761.500 0.473
762.000 0.491
762.500 0.470
763.000 0.495
763.500 0.488
764.000 0.431
764.500 0.473
765.000 0.496
765.500 0.456
766.000 0.436
766.500 0.502
767.000 0.491
767.500 0.492
768.000 0.465
768.500 0.484
769.000 0.428
769.500 0.431
770.000 0.494
770.500 0.413
771.000 0.474
771.500 0.440
772.000 0.484
772.500 0.467
773.000 0.516
773.500 0.445
774.000 0.485
774.500 0.461
775.000 0.484
775.500 0.476
776.000 0.455
776.500 0.450
777.000 0.503
777.500 0.456
778.000 0.464
778.500 0.439
779.000 0.439
779.500 0.487
780.000 0.500
780.500 0.492
781.000 0.490
781.500 0.498
782.000 0.465
782.500 0.451
783.000 0.493
783.500 0.508
784.000 0.526
784.500 0.498
785.000 0.470
785.500 0.453
786.000 0.448
786.500 0.460
787.000 0.510
787.500 0.449
788.000 0.465
788.500 0.482
789.000 0.486
789.500 0.443
790.000 0.495
790.500 0.478
791.000 0.509
791.500 0.501
792.000 0.500
792.500 0.481
793.000 0.512
793.500 0.447
794.000 0.494
794.500 0.475
795.000 0.479
795.500 0.498
796.000 0.501
796.500 0.476
797.000 0.483
797.500 0.466
798.000 0.456
798.500 0.453
799.000 0.491
799.500 0.469
800.000 0.491
800.500 0.489
801.000 0.507
801.500 0.466
802.000 0.499
802.500 0.456
803.000 0.483
803.500 0.487
804.000 0.486
804.500 0.491
805.000 0.473
805.500 0.464
806.000 0.473
806.500 0.471
807.000 0.485
807.500 0.502
808.000 0.454
808.500 0.483
809.000 0.490
809.500 0.473
810.000 0.491
810.500 0.459
811.000 0.483
811.500 0.484
812.000 0.491
812.500 0.453
813.000 0.480
813.500 0.503
814.000 0.448
814.500 0.467
815.000 0.491
815.500 0.480
816.000 0.477
816.500 0.469
817.000 0.491
817.500 0.472
818.000 0.466
818.500 0.471
819.000 0.485
819.500 0.484
820.000 0.474
820.500 0.502
821.000 0.491
821.500 0.456
822.000 0.480
822.500 0.434
823.000 0.496
823.500 0.486
824.000 0.502
824.500 0.469
825.000 0.502
825.500 0.465
826.000 0.497
826.500 0.482
827.000 0.463
827.500 0.484
828.000 0.474
828.500 0.465
829.000 0.496
829.500 0.500
830.000 0.456
830.500 0.447
831.000 0.476
831.500 0.493
832.000 0.464
832.500 0.477
833.000 0.507
833.500 0.478
834.000 0.474
834.500 0.499
835.000 0.458
835.500 0.485
836.000 0.486
836.500 0.486
837.000 0.484
837.500 0.477
838.000 0.491
838.500 0.480
839.000 0.480
839.500 0.480
840.000 0.439
840.500 0.497
841.000 0.476
841.500 0.512
842.000 0.487
842.500 0.460
843.000 0.485
843.500 0.491
844.000 0.474
844.500 0.492
845.000 0.469
845.500 0.481
846.000 0.477
846.500 0.505
847.000 0.482
847.500 0.479
848.000 0.492
848.500 0.486
849.000 0.486
849.500 0.482
850.000 0.485
850.500 0.475
851.000 0.465
851.500 0.483
852.000 0.496
852.500 0.493
853.000 0.513
853.500 0.488
854.000 0.500
854.500 0.494
855.000 0.511
855.500 0.478
856.000 0.489
856.500 0.493
857.000 0.496
857.500 0.487
858.000 0.495
858.500 0.514
859.000 0.477
859.500 0.478
860.000 0.468
860.500 0.494
861.000 0.476
861.500 0.477
862.000 0.479
862.500 0.466
863.000 0.493
863.500 0.467
864.000 0.474
864.500 0.477
865.000 0.509
865.500 0.500
866.000 0.475
866.500 0.468
867.000 0.470
867.500 0.476
868.000 0.493
868.500 0.459
869.000 0.486
869.500 0.490
870.000 0.456
870.500 0.489
871.000 0.480
871.500 0.495
872.000 0.475
872.500 0.490
873.000 0.467
873.500 0.492
874.000 0.491
874.500 0.481
875.000 0.483
875.500 0.476
876.000 0.464
876.500 0.504
877.000 0.485
877.500 0.455
878.000 0.496
878.500 0.511
879.000 0.495
879.500 0.490
880.000 0.471
880.500 0.467
881.000 0.493
881.500 0.474
882.000 0.465
882.500 0.466
883.000 0.482
883.500 0.484
884.000 0.496
884.500 0.504
885.000 0.506
885.500 0.479
886.000 0.494
886.500 0.495
887.000 0.500
887.500 0.487
888.000 0.485
888.500 0.446
889.000 0.477
889.500 0.491
890.000 0.493
890.500 0.493
891.000 0.471
891.500 0.470
892.000 0.511
892.500 0.479
893.000 0.502
893.500 0.494
894.000 0.479
894.500 0.500
895.000 0.480
895.500 0.475
896.000 0.493
896.500 0.493
897.000 0.469
897.500 0.476
898.000 0.472
898.500 0.493
899.000 0.481
899.500 0.483
900.000 0.506
900.500 0.498
901.000 0.517
901.500 0.481
902.000 0.480
902.500 0.481
903.000 0.500
903.500 0.482
904.000 0.473
904.500 0.488
905.000 0.507
905.500 0.479
906.000 0.490
906.500 0.484
907.000 0.484
907.500 0.469
908.000 0.489
908.500 0.469
909.000 0.477
909.500 0.485
910.000 0.513
910.500 0.496
911.000 0.511
911.500 0.503
912.000 0.498
912.500 0.481
913.000 0.495
913.500 0.505
914.000 0.478
914.500 0.439
915.000 0.487
915.500 0.498
916.000 0.502
916.500 0.507
917.000 0.489
917.500 0.487
918.000 0.486
918.500 0.486
919.000 0.506
919.500 0.506
920.000 0.498
920.500 0.478
921.000 0.487
921.500 0.472
922.000 0.481
922.500 0.498
923.000 0.492
923.500 0.464
924.000 0.509
924.500 0.523
925.000 0.467
925.500 0.511
926.000 0.495
926.500 0.476
927.000 0.514
927.500 0.478
928.000 0.496
928.500 0.467
929.000 0.502
929.500 0.487
930.000 0.488
930.500 0.495
931.000 0.469
931.500 0.471
932.000 0.492
932.500 0.467
933.000 0.474
933.500 0.498
934.000 0.496
934.500 0.462
935.000 0.474
935.500 0.468
936.000 0.526
936.500 0.476
937.000 0.488
937.500 0.499
938.000 0.491
938.500 0.527
939.000 0.484
939.500 0.510
940.000 0.495
940.500 0.480
941.000 0.479
941.500 0.505
942.000 0.501
942.500 0.490
943.000 0.527
943.500 0.484
944.000 0.515
944.500 0.513
945.000 0.489
945.500 0.478
946.000 0.485
946.500 0.512
947.000 0.506
947.500 0.475
948.000 0.455
948.500 0.475
949.000 0.459
949.500 0.466
950.000 0.481
950.500 0.497
951.000 0.456
951.500 0.472
952.000 0.466
952.500 0.488
953.000 0.510
953.500 0.513
954.000 0.469
954.500 0.485
955.000 0.500
955.500 0.479
956.000 0.489
956.500 0.481
957.000 0.494
957.500 0.497
958.000 0.471
958.500 0.506
959.000 0.472
959.500 0.513
960.000 0.477
960.500 0.493
961.000 0.478
961.500 0.500
962.000 0.458
962.500 0.471
963.000 0.497
963.500 0.483
964.000 0.452
964.500 0.494
965.000 0.514
965.500 0.498
966.000 0.470
966.500 0.488
967.000 0.499
967.500 0.493
968.000 0.468
968.500 0.469
969.000 0.520
969.500 0.467
970.000 0.483
970.500 0.461
971.000 0.480
971.500 0.514
972.000 0.466
972.500 0.500
973.000 0.483
973.500 0.484
974.000 0.482
974.500 0.474
975.000 0.502
975.500 0.492
976.000 0.472
976.500 0.517
977.000 0.505
977.500 0.496
978.000 0.487
978.500 0.492
979.000 0.501
979.500 0.505
980.000 0.505
980.500 0.481
981.000 0.517
981.500 0.497
982.000 0.479
982.500 0.506
983.000 0.486
983.500 0.512
984.000 0.518
984.500 0.521
985.000 0.491
985.500 0.461
986.000 0.485
986.500 0.495
987.000 0.499
987.500 0.470
988.000 0.496
988.500 0.497
989.000 0.472
989.500 0.481
990.000 0.499
990.500 0.481
991.000 0.491
991.500 0.463
992.000 0.502
992.500 0.476
993.000 0.486
993.500 0.487
994.000 0.481
994.500 0.485
995.000 0.480
995.500 0.521
996.000 0.495
996.500 0.486
997.000 0.510
997.500 0.484
998.000 0.480
998.500 0.484
999.000 0.472
999.500 0.478
1000.000 0.467
