5.000 0.370
10.000 0.310
15.000 0.299
20.000 0.258
25.000 0.394
30.000 0.279
35.000 0.535
40.000 0.749
45.000 0.580
50.000 1.028
55.000 1.122
60.000 1.234
65.000 0.966
70.000 1.666
75.000 1.417
80.000 1.714
85.000 1.839
90.000 1.736
95.000 1.703
100.000 2.395
105.000 2.116
110.000 2.004
115.000 2.151
120.000 2.408
125.000 2.336
130.000 2.614
135.000 2.863
140.000 2.952
145.000 2.681
150.000 3.131
155.000 3.367
160.000 3.202
165.000 3.349
170.000 3.573
175.000 3.661
180.000 3.688
185.000 3.946
190.000 3.945
195.000 4.098
200.000 4.441
205.000 4.597
210.000 4.590
215.000 4.761
220.000 4.998
225.000 5.256
230.000 5.421
235.000 5.757
240.000 6.101
245.000 6.032
250.000 6.457
255.000 6.916
260.000 7.130
265.000 7.184
270.000 7.671
275.000 8.194
280.000 8.379
285.000 8.862
290.000 9.261
295.000 9.505
300.000 10.351
305.000 10.980
310.000 11.511
315.000 12.184
320.000 12.723
325.000 13.758
330.000 14.723
335.000 15.269
340.000 16.513
345.000 17.275
350.000 18.706
355.000 20.358
360.000 21.353
365.000 23.685
370.000 24.446
375.000 27.007
380.000 29.816
385.000 31.315
390.000 34.758
395.000 36.614
400.000 40.736
405.000 45.363
410.000 47.653
415.000 53.176
420.000 56.031
425.000 62.199
430.000 68.628
435.000 72.152
440.000 78.883
445.000 81.937
450.000 88.882
455.000 95.358
460.000 98.785
465.000 105.195
470.000 109.033
475.000 116.445
480.000 124.110
485.000 127.367
490.000 133.270
495.000 135.732
500.000 140.134
505.000 143.540
510.000 145.043
515.000 146.738
520.000 147.057
525.000 146.193
530.000 144.673
535.000 138.199
540.000 123.565
545.000 110.158
550.000 87.790
555.000 79.076
560.000 65.358
565.000 55.193
570.000 50.826
575.000 43.279
580.000 40.959
585.000 35.421
590.000 31.317
595.000 29.774
600.000 26.401
605.000 25.157
610.000 22.385
615.000 20.386
620.000 19.493
625.000 18.125
630.000 17.244
635.000 15.693
640.000 14.550
645.000 13.869
650.000 13.059
655.000 12.650
660.000 11.748
665.000 10.804
670.000 10.665
675.000 9.966
680.000 9.591
685.000 8.997
690.000 8.310
695.000 8.289
700.000 8.058
705.000 7.611
710.000 7.374
715.000 6.906
720.000 6.702
725.000 6.484
730.000 6.316
735.000 6.135
740.000 5.865
745.000 5.627
750.000 5.578
755.000 5.408
760.000 5.270
765.000 4.982
770.000 4.989
775.000 4.820
780.000 4.710
785.000 4.585
790.000 4.467
795.000 4.401
800.000 4.317
805.000 4.242
810.000 4.184
815.000 4.078
820.000 4.023
825.000 3.978
830.000 3.968
835.000 3.892
840.000 3.838
845.000 3.790
850.000 3.801
855.000 3.754
860.000 3.791
865.000 3.791
870.000 3.774
875.000 3.769
880.000 3.798
885.000 3.904
890.000 3.955
895.000 3.964
900.000 4.080
905.000 4.143
910.000 4.199
915.000 4.392
920.000 4.501
925.000 4.674
930.000 4.745
935.000 4.973
940.000 5.360
945.000 5.491
950.000 5.920
955.000 6.134
960.000 6.740
965.000 7.539
970.000 7.884
975.000 8.932
980.000 9.666
985.000 11.241
990.000 13.517
995.000 15.182
1000.000 18.781
1005.000 21.407
1010.000 27.022
1015.000 30.918
1020.000 30.547
1025.000 24.555
1030.000 21.120
1035.000 15.962
1040.000 12.788
1045.000 11.595
1050.000 9.799
1055.000 9.104
1060.000 8.071
1065.000 7.176
1070.000 6.772
1075.000 6.132
1080.000 5.818
1085.000 5.408
1090.000 4.992
1095.000 4.821
1100.000 4.555
1105.000 4.381
1110.000 4.117
1115.000 3.962
1120.000 3.774
1125.000 3.610
1130.000 3.460
1135.000 3.292
1140.000 3.224
1145.000 3.068
1150.000 2.953
1155.000 2.893
1160.000 2.837
1165.000 2.823
1170.000 2.793
1175.000 2.838
1180.000 2.846
1185.000 2.960
1190.000 3.023
1195.000 3.158
1200.000 3.295
1205.000 3.395
1210.000 3.575
1215.000 3.624
1220.000 3.849
1225.000 4.006
1230.000 4.097
1235.000 4.189
1240.000 4.333
1245.000 4.458
1250.000 4.556
1255.000 4.583
1260.000 4.718
1265.000 4.813
1270.000 4.920
1275.000 5.030
1280.000 5.139
1285.000 5.264
1290.000 5.297
1295.000 5.482
1300.000 5.575
1305.000 5.688
1310.000 5.817
1315.000 5.939
1320.000 6.055
1325.000 6.237
1330.000 6.308
1335.000 6.550
1340.000 6.599
1345.000 6.815
1350.000 7.089
1355.000 7.217
1360.000 7.503
1365.000 7.578
1370.000 7.945
1375.000 8.266
1380.000 8.422
1385.000 8.856
1390.000 9.077
1395.000 9.504
1400.000 10.092
1405.000 10.331
1410.000 10.940
1415.000 11.388
1420.000 12.177
1425.000 13.240
1430.000 13.529
1435.000 14.910
1440.000 15.584
1445.000 17.226
1450.000 19.305
1455.000 20.582
1460.000 23.284
1465.000 24.952
1470.000 29.266
1475.000 35.124
1480.000 38.663
1485.000 47.707
1490.000 53.080
1495.000 64.430
1500.000 71.597
1505.000 70.651
1510.000 59.981
1515.000 53.071
1520.000 41.915
1525.000 34.199
1530.000 31.276
1535.000 26.661
1540.000 24.874
1545.000 21.876
1550.000 19.628
1555.000 18.654
1560.000 17.012
1565.000 16.333
1570.000 15.115
1575.000 14.111
1580.000 13.667
1585.000 12.908
1590.000 12.530
1595.000 11.909
1600.000 11.349
1605.000 11.116
1610.000 10.670
1615.000 10.494
1620.000 10.153
1625.000 9.828
1630.000 9.669
1635.000 9.423
1640.000 9.288
1645.000 9.083
1650.000 8.884
1655.000 8.805
1660.000 8.621
1665.000 8.551
1670.000 8.411
1675.000 8.297
1680.000 8.239
1685.000 8.131
1690.000 8.098
1695.000 8.009
1700.000 7.975
1705.000 7.921
1710.000 7.858
1715.000 7.825
1720.000 7.807
1725.000 7.778
1730.000 7.733
1735.000 7.711
1740.000 7.707
1745.000 7.692
1750.000 7.715
1755.000 7.698
1760.000 7.701
1765.000 7.734
1770.000 7.735
1775.000 7.780
1780.000 7.764
1785.000 7.823
1790.000 7.822
1795.000 7.869
1800.000 7.872
1805.000 7.927
1810.000 7.991
1815.000 8.008
1820.000 8.053
1825.000 8.107
1830.000 8.138
1835.000 8.220
1840.000 8.242
1845.000 8.298
1850.000 8.367
1855.000 8.439
1860.000 8.504
1865.000 8.556
1870.000 8.633
1875.000 8.632
1880.000 8.731
1885.000 8.835
1890.000 8.888
1895.000 8.961
1900.000 9.002
1905.000 9.104
1910.000 9.214
1915.000 9.249
1920.000 9.347
1925.000 9.368
1930.000 9.504
1935.000 9.603
1940.000 9.668
1945.000 9.783
1950.000 9.823
1955.000 9.966
1960.000 10.079
1965.000 10.123
1970.000 10.256
1975.000 10.321
1980.000 10.459
1985.000 10.586
1990.000 10.662
1995.000 10.839
2000.000 10.892
2005.000 11.071
2010.000 11.220
2015.000 11.321
2020.000 11.515
2025.000 11.599
2030.000 11.794
2035.000 12.027
2040.000 12.112
2045.000 12.337
2050.000 12.476
2055.000 12.735
2060.000 12.983
2065.000 13.132
2070.000 13.418
2075.000 13.575
2080.000 13.907
2085.000 14.264
2090.000 14.442
2095.000 14.812
2100.000 15.046
2105.000 15.485
2110.000 15.971
2115.000 16.215
2120.000 16.776
2125.000 17.079
2130.000 17.691
2135.000 18.377
2140.000 18.745
2145.000 19.530
2150.000 19.972
2155.000 20.904
2160.000 21.920
2165.000 22.494
2170.000 23.711
2175.000 24.404
2180.000 25.835
2185.000 27.520
2190.000 28.414
2195.000 30.465
2200.000 31.564
2205.000 34.114
2210.000 37.044
2215.000 38.722
2220.000 42.485
2225.000 44.642
2230.000 49.573
2235.000 55.508
2240.000 58.972
2245.000 66.959
2250.000 71.573
2255.000 82.076
2260.000 94.165
2265.000 100.465
2270.000 112.285
2275.000 116.848
2280.000 120.266
2285.000 116.019
2290.000 111.300
2295.000 98.781
2300.000 92.706
2305.000 81.512
2310.000 76.599
2315.000 68.109
2320.000 61.236
2325.000 58.255
2330.000 53.192
2335.000 50.999
2340.000 47.214
2345.000 44.017
2350.000 42.564
2355.000 40.084
2360.000 39.015
2365.000 37.048
2370.000 35.351
2375.000 34.630
2380.000 33.286
2385.000 32.683
2390.000 31.607
2395.000 30.697
2400.000 30.273
2405.000 29.565
2410.000 29.227
2415.000 28.691
2420.000 28.223
2425.000 28.035
2430.000 27.703
2435.000 27.585
2440.000 27.372
2445.000 27.262
2450.000 27.216
2455.000 27.226
2460.000 27.239
2465.000 27.353
2470.000 27.568
2475.000 27.698
2480.000 28.022
2485.000 28.212
2490.000 28.666
2495.000 29.246
2500.000 29.581
2505.000 30.331
2510.000 30.752
2515.000 31.710
2520.000 32.861
2525.000 33.492
2530.000 34.919
2535.000 35.718
2540.000 37.568
2545.000 39.718
2550.000 40.981
2555.000 43.758
2560.000 45.375
2565.000 49.058
2570.000 53.542
2575.000 56.138
2580.000 62.167
2585.000 65.673
2590.000 74.265
2595.000 83.927
2600.000 89.202
2605.000 99.758
2610.000 104.418
2615.000 110.170
2620.000 108.272
2625.000 104.277
2630.000 92.379
2635.000 85.753
2640.000 73.311
2645.000 62.871
2650.000 58.429
2655.000 50.942
2660.000 47.753
2665.000 42.337
2670.000 37.935
2675.000 36.042
2680.000 32.701
2685.000 31.248
2690.000 28.714
2695.000 26.505
2700.000 25.525
2705.000 23.765
2710.000 22.992
2715.000 21.578
2720.000 20.294
2725.000 19.731
2730.000 18.693
2735.000 18.239
2740.000 17.338
2745.000 16.590
2750.000 16.223
2755.000 15.570
2760.000 15.267
2765.000 14.701
2770.000 14.210
2775.000 13.986
2780.000 13.552
2785.000 13.362
2790.000 12.979
2795.000 12.655
2800.000 12.505
2805.000 12.222
2810.000 12.100
2815.000 11.879
2820.000 11.686
2825.000 11.581
2830.000 11.423
2835.000 11.349
2840.000 11.215
2845.000 11.119
2850.000 11.067
2855.000 10.998
2860.000 10.964
2865.000 10.941
2870.000 10.919
2875.000 10.934
2880.000 10.942
2885.000 10.982
2890.000 11.027
2895.000 11.053
2900.000 11.139
2905.000 11.266
2910.000 11.335
2915.000 11.502
2920.000 11.590
2925.000 11.803
2930.000 12.041
2935.000 12.171
2940.000 12.470
2945.000 12.641
2950.000 13.016
2955.000 13.444
2960.000 13.687
2965.000 14.208
2970.000 14.514
2980.000 15.822
2985.000 16.245
2990.000 17.154
2995.000 18.237
3000.000 18.879
3005.000 20.270
3010.000 21.079
3015.000 22.917
3020.000 25.187
3025.000 26.519
3030.000 29.681
3035.000 33.693
3040.000 36.134
3045.000 42.046
3050.000 49.726
3055.000 54.323
3060.000 59.358
3065.000 69.971
3070.000 77.854
3075.000 78.811
3080.000 72.425
3085.000 66.309
3090.000 53.758
3095.000 43.937
3100.000 40.032
3105.000 33.824
3110.000 31.345
3115.000 27.289
3120.000 24.132
3125.000 22.796
3130.000 20.552
3135.000 19.566
3140.000 17.882
3145.000 16.498
3150.000 15.870
3155.000 14.713
3160.000 14.235
3165.000 13.360
3170.000 12.607
3175.000 12.265
3180.000 11.646
3185.000 11.369
3190.000 10.850
3195.000 10.392
3200.000 10.188
3205.000 9.799
3210.000 9.629
3215.000 9.297
3220.000 9.015
3225.000 8.885
3230.000 8.644
3235.000 8.526
3240.000 8.341
3245.000 8.154
3250.000 8.092
3255.000 8.048
3260.000 8.023
3265.000 7.931
3270.000 7.806
3275.000 7.764
3280.000 7.672
3285.000 7.620
3290.000 7.565
3295.000 7.499
3300.000 7.473
3305.000 7.433
3310.000 7.416
3315.000 7.401
3320.000 7.397
3325.000 7.411
3330.000 7.426
3335.000 7.446
3340.000 7.482
3345.000 7.530
3350.000 7.568
3355.000 7.648
3360.000 7.704
3365.000 7.809
3370.000 7.931
3375.000 8.023
3380.000 8.179
3385.000 8.284
3390.000 8.495
3395.000 8.743
3400.000 8.880
3405.000 9.201
3410.000 9.374
3415.000 9.778
3420.000 10.238
3425.000 10.501
3430.000 11.105
3435.000 11.449
3440.000 12.247
3445.000 13.241
3450.000 13.880
3460.000 16.130
3465.000 18.158
3470.000 19.388
3475.000 22.432
3480.000 26.493
3485.000 28.933
3490.000 34.600
3495.000 37.460
3500.000 41.274
3505.000 39.073
3510.000 35.497
3515.000 27.416
3520.000 24.058
3525.000 18.958
3530.000 15.417
3535.000 13.972
3540.000 11.787
3545.000 10.082
3550.000 9.390
3555.000 8.197
3560.000 7.706
3565.000 6.796
3570.000 6.367
3575.000 5.707
3580.000 4.229
3585.000 4.081
3590.000 2.825
3595.000 2.747
3600.000 2.725
3605.000 2.817
3610.000 2.765
3615.000 2.578
3620.000 2.482
3625.000 2.336
3630.000 2.205
3635.000 2.116
3640.000 2.019
3645.000 1.953
3650.000 1.866
3655.000 1.770
3660.000 1.723
3665.000 1.645
3670.000 1.608
3675.000 1.540
3680.000 1.470
3685.000 1.447
3690.000 1.394
3695.000 1.371
3700.000 1.308
3705.000 1.256
3710.000 1.228
3715.000 1.175
3720.000 1.161
3725.000 1.114
3730.000 1.090
3735.000 1.047
3740.000 1.007
3745.000 0.988
3750.000 0.947
3755.000 0.914
3760.000 0.893
3765.000 0.866
3770.000 0.844
3775.000 0.812
3780.000 0.790
3785.000 0.759
3790.000 0.742
3795.000 0.720
3800.000 0.699
3805.000 0.686
3810.000 0.665
3815.000 0.637
3820.000 0.632
3825.000 0.618
3830.000 0.599
3835.000 0.592
3840.000 0.560
3845.000 0.565
3850.000 0.557
3855.000 0.557
3860.000 0.534
3865.000 0.529
3870.000 0.515
3875.000 0.510
3880.000 0.508
3885.000 0.499
3890.000 0.497
3895.000 0.489
3900.000 0.473
3905.000 0.476
3910.000 0.462
3915.000 0.470
3920.000 0.471
3925.000 0.465
3930.000 0.461
3935.000 0.455
3940.000 0.460
3945.000 0.442
3950.000 0.457
3955.000 0.442
3960.000 0.446
3965.000 0.445
3970.000 0.446
3975.000 0.448
3980.000 0.434
3985.000 0.447
3990.000 0.441
3995.000 0.446
4000.000 0.445
4005.000 0.441
4010.000 0.442
4015.000 0.440
4020.000 0.446
4025.000 0.453
4030.000 0.444
4035.000 0.454
4040.000 0.448
4045.000 0.456
4050.000 0.450
4055.000 0.446
4060.000 0.444
4065.000 0.436
4070.000 0.423
4075.000 0.423
4080.000 0.410
4085.000 0.404
4090.000 0.399
4095.000 0.388
4100.000 0.382
4105.000 0.387
4110.000 0.367
4115.000 0.354
4120.000 0.352
4125.000 0.346
4130.000 0.351
4135.000 0.348
4140.000 0.341
4145.000 0.351
4150.000 0.343
4155.000 0.355
4160.000 0.351
4165.000 0.351
4170.000 0.362
4175.000 0.384
4180.000 0.387
4185.000 0.402
4190.000 0.410
4195.000 0.421
4200.000 0.446
4205.000 0.470
4210.000 0.483
4215.000 0.514
4220.000 0.523
4225.000 0.560
4230.000 0.572
4235.000 0.601
4240.000 0.649
4245.000 0.674
4250.000 0.712
4255.000 0.731
4260.000 0.784
4265.000 0.837
4270.000 0.866
4275.000 0.920
4280.000 0.959
4285.000 1.030
4290.000 1.091
4295.000 1.125
4300.000 1.219
4305.000 1.272
4310.000 1.353
4315.000 1.395
4320.000 1.520
4325.000 1.632
4330.000 1.692
4335.000 1.818
4340.000 1.889
4345.000 2.053
4350.000 2.199
4355.000 2.308
4360.000 2.498
4365.000 2.582
4370.000 2.807
4375.000 3.057
4380.000 3.175
4385.000 3.467
4390.000 3.624
4395.000 3.960
4400.000 4.340
4405.000 4.541
4410.000 4.979
4415.000 5.225
4420.000 5.758
4425.000 6.373
4430.000 6.712
4435.000 7.468
4440.000 7.882
4445.000 8.815
4450.000 9.912
4455.000 10.538
4460.000 11.951
4465.000 12.762
4470.000 14.638
4475.000 16.905
4480.000 18.242
4485.000 21.440
4490.000 23.355
4495.000 27.982
4500.000 34.098
4505.000 37.871
4510.000 47.256
4515.000 52.987
4520.000 66.462
4525.000 80.356
4530.000 85.631
4535.000 87.664
4540.000 83.912
4545.000 71.967
4550.000 60.910
4555.000 56.478
4560.000 49.392
4565.000 46.561
4570.000 42.031
4575.000 38.576
4580.000 37.184
4585.000 34.814
4590.000 33.821
4595.000 32.154
4600.000 30.836
4605.000 30.268
4610.000 29.302
4615.000 28.924
4620.000 28.291
4625.000 27.432
4630.000 27.448
4635.000 27.384
4640.000 27.402
4645.000 27.500
4650.000 27.547
4655.000 27.642
4660.000 27.946
4665.000 28.166
4670.000 28.660
4675.000 29.304
4680.000 29.687
4685.000 30.531
4690.000 31.025
4695.000 32.187
4700.000 33.570
4705.000 34.338
4710.000 36.176
4715.000 37.238
4720.000 39.708
4725.000 42.729
4730.000 44.478
4735.000 48.623
4740.000 51.025
4745.000 56.816
4750.000 64.160
4755.000 68.596
4760.000 79.129
4765.000 85.284
4770.000 98.974
4775.000 112.085
4780.000 116.671
4785.000 116.780
4790.000 112.053
4795.000 95.941
4800.000 78.960
4805.000 71.727
4810.000 59.826
4815.000 55.010
4820.000 47.172
4825.000 41.096
4830.000 38.583
4835.000 34.322
4840.000 32.524
4845.000 29.397
4850.000 26.812
4855.000 25.693
4860.000 23.697
4865.000 22.822
4870.000 21.269
4875.000 19.895
4880.000 19.306
4885.000 18.210
4890.000 17.733
4895.000 16.835
4900.000 16.060
4905.000 15.663
4910.000 15.027
4915.000 14.740
4925.000 13.815
4930.000 13.598
4935.000 13.197
4940.000 12.845
4945.000 12.690
4950.000 12.394
4955.000 12.291
4960.000 12.044
4965.000 11.869
4970.000 11.781
4975.000 11.631
4980.000 11.567
4985.000 11.470
4995.000 11.402
5000.000 11.379
5005.000 11.396
5010.000 11.405
5015.000 11.446
5020.000 11.492
5025.000 11.587
5030.000 11.480
5035.000 11.285
5040.000 11.262
5045.000 11.395
5050.000 11.650
5055.000 11.936
5060.000 12.110
5065.000 12.474
5070.000 12.685
5075.000 13.152
5080.000 13.694
5085.000 14.013
5090.000 14.717
5095.000 15.100
5100.000 15.994
5105.000 17.066
5110.000 17.669
5115.000 19.081
5120.000 19.893
5125.000 21.919
5130.000 23.044
5135.000 25.742
5140.000 29.167
5145.000 31.219
5150.000 36.241
5155.000 39.286
5160.000 46.395
5165.000 54.376
5170.000 58.053
5175.000 62.276
5180.000 61.661
5185.000 54.796
5190.000 44.973
5195.000 40.600
5200.000 33.438
5205.000 30.599
5210.000 25.987
5215.000 22.518
5220.000 21.087
5225.000 18.686
5230.000 17.667
5235.000 15.929
5240.000 14.514
5245.000 13.901
5250.000 12.805
5255.000 12.323
5260.000 11.459
5265.000 10.744
5270.000 10.418
5275.000 9.819
5280.000 9.546
5285.000 9.059
5290.000 8.640
5295.000 8.444
5300.000 8.102
5305.000 7.932
5310.000 7.632
5315.000 7.370
5320.000 7.255
5325.000 7.036
5330.000 6.937
5335.000 6.746
5340.000 6.585
5345.000 6.527
5350.000 6.375
5355.000 6.333
5360.000 6.218
5365.000 6.128
5370.000 6.088
5375.000 6.026
5380.000 5.995
5385.000 5.949
5390.000 5.918
5395.000 5.914
5400.000 5.922
5405.000 5.914
5410.000 5.934
5415.000 5.971
5420.000 5.990
5425.000 6.069
5430.000 6.114
5435.000 6.200
5440.000 6.324
5445.000 6.408
5450.000 6.578
5455.000 6.676
5460.000 6.891
5465.000 7.175
5470.000 7.335
5475.000 7.711
5480.000 7.914
5485.000 8.416
5490.000 9.034
5495.000 9.392
5500.000 10.259
5505.000 10.767
5510.000 12.015
5515.000 13.613
5520.000 14.583
5525.000 16.900
5530.000 18.235
5535.000 20.964
5540.000 22.819
5545.000 22.881
5550.000 20.744
5555.000 18.839
5560.000 14.956
5565.000 11.875
5570.000 10.693
5575.000 8.789
5580.000 8.026
5585.000 6.802
5590.000 5.850
5595.000 5.442
5600.000 4.773
5605.000 4.488
5610.000 3.987
5615.000 3.579
5620.000 3.394
5625.000 3.078
5630.000 2.931
5635.000 2.675
5640.000 2.458
5645.000 2.360
5650.000 2.176
5655.000 2.097
5660.000 1.954
5665.000 1.830
5670.000 1.767
5675.000 1.650
5680.000 1.607
5685.000 1.517
5690.000 1.432
5695.000 1.385
5700.000 1.322
5705.000 1.294
5710.000 1.232
5715.000 1.177
5720.000 1.149
5725.000 1.098
5730.000 1.079
5735.000 1.037
5740.000 1.029
5745.000 0.987
5750.000 0.961
5755.000 0.950
5760.000 0.921
5765.000 0.903
5770.000 0.877
5775.000 0.859
5780.000 0.854
5785.000 0.825
5790.000 0.819
5795.000 0.805
5800.000 0.793
5805.000 0.783
5810.000 0.769
5815.000 0.758
5820.000 0.765
5825.000 0.753
5830.000 0.747
5835.000 0.730
5840.000 0.739
5845.000 0.727
5850.000 0.732
5855.000 0.712
5860.000 0.716
5865.000 0.704
5870.000 0.702
5875.000 0.697
5880.000 0.707
5885.000 0.690
5890.000 0.697
5895.000 0.701
5900.000 0.683
5905.000 0.677
5910.000 0.675
5915.000 0.685
5920.000 0.671
5925.000 0.678
5930.000 0.668
5935.000 0.675
5940.000 0.671
5945.000 0.671
5950.000 0.666
5955.000 0.664
5960.000 0.671
5965.000 0.667
5970.000 0.668
5975.000 0.667
5980.000 0.658
5985.000 0.668
5990.000 0.662
5995.000 0.669
6000.000 0.660
6005.000 0.667
6010.000 0.656
6015.000 0.668
6020.000 0.656
6025.000 0.660
6030.000 0.664
6035.000 0.667
6040.000 0.663
6045.000 0.660
6050.000 0.655
6055.000 0.670
6060.000 0.663
6065.000 0.665
6070.000 0.661
6075.000 0.667
6080.000 0.661
6085.000 0.661
6090.000 0.663
6095.000 0.663
6100.000 0.671
6105.000 0.669
6110.000 0.668
6115.000 0.659
6120.000 0.659
6125.000 0.675
6130.000 0.673
6135.000 0.668
6140.000 0.678
6145.000 0.674
6150.000 0.659
6155.000 0.670
6160.000 0.667
6165.000 0.671
6170.000 0.669
6175.000 0.680
6180.000 0.667
6185.000 0.674
6190.000 0.681
6195.000 0.674
6200.000 0.679
6205.000 0.682
6210.000 0.682
6215.000 0.679
6220.000 0.683
6225.000 0.685
6230.000 0.685
6235.000 0.678
6240.000 0.695
6245.000 0.682
6250.000 0.688
6255.000 0.689
6260.000 0.690
6265.000 0.697
6270.000 0.693
6275.000 0.693
6280.000 0.710
6285.000 0.698
6290.000 0.717
6295.000 0.700
6300.000 0.712
6305.000 0.707
6310.000 0.702
6315.000 0.714
6320.000 0.711
6325.000 0.717
6330.000 0.716
6335.000 0.726
6340.000 0.731
6345.000 0.732
6350.000 0.736
6355.000 0.733
6360.000 0.748
6365.000 0.750
6370.000 0.747
6375.000 0.759
6380.000 0.759
6385.000 0.755
6390.000 0.766
6395.000 0.783
6400.000 0.770
6405.000 0.772
6410.000 0.787
6415.000 0.786
6420.000 0.801
6425.000 0.807
6430.000 0.804
6435.000 0.822
6440.000 0.818
6445.000 0.834
6450.000 0.843
6455.000 0.848
6460.000 0.849
6465.000 0.867
6470.000 0.879
6475.000 0.879
6480.000 0.895
6485.000 0.915
6490.000 0.918
6495.000 0.933
6500.000 0.953
6505.000 0.964
6510.000 0.982
6515.000 1.003
6520.000 1.020
6525.000 1.035
6530.000 1.052
6535.000 1.078
6540.000 1.101
6545.000 1.129
6550.000 1.145
6555.000 1.177
6560.000 1.215
6565.000 1.236
6570.000 1.275
6575.000 1.290
6580.000 1.343
6585.000 1.392
6590.000 1.425
6595.000 1.482
6600.000 1.513
6605.000 1.585
6610.000 1.661
6615.000 1.696
6620.000 1.776
6625.000 1.831
6630.000 1.929
6635.000 2.032
6640.000 2.093
6645.000 2.223
6650.000 2.292
6655.000 2.443
6660.000 2.616
6665.000 2.708
6670.000 2.913
6675.000 3.027
6680.000 3.276
6685.000 3.557
6690.000 3.715
6695.000 4.075
6700.000 4.274
6705.000 4.729
6710.000 5.264
6715.000 5.567
6720.000 6.288
6725.000 6.696
6730.000 7.668
6735.000 8.883
6740.000 9.623
6745.000 11.402
6750.000 12.487
6755.000 15.172
6760.000 18.713
6765.000 20.848
6770.000 25.668
6775.000 28.094
6780.000 31.611
6785.000 31.244
6790.000 29.552
6795.000 25.229
6800.000 23.221
6805.000 19.947
6810.000 17.556
6815.000 16.597
6820.000 15.077
6825.000 14.456
6830.000 13.449
6835.000 12.690
6840.000 12.373
6845.000 11.878
6850.000 11.679
6855.000 11.359
6860.000 11.143
6865.000 11.070
6870.000 10.974
6875.000 10.971
6880.000 11.004
6885.000 11.125
6890.000 11.209
6895.000 11.439
6900.000 11.578
6905.000 11.973
6910.000 12.196
6915.000 12.722
6920.000 13.392
6925.000 13.781
6930.000 14.698
6935.000 15.229
6940.000 16.503
6945.000 18.078
6950.000 19.008
6955.000 21.251
6960.000 22.585
6965.000 25.778
6970.000 29.787
6975.000 32.066
6980.000 36.906
6985.000 39.183
6990.000 42.197
6995.000 41.376
7000.000 39.379
7005.000 33.795
7010.000 30.905
7015.000 25.909
7020.000 22.014
7025.000 20.428
7030.000 17.805
7035.000 16.716
7040.000 14.882
7045.000 13.430
7050.000 12.807
7055.000 11.729
7060.000 11.272
7065.000 10.460
7070.000 9.761
7075.000 9.483
7080.000 8.942
7085.000 8.715
7090.000 8.282
7095.000 7.921
7100.000 7.767
7105.000 7.475
7110.000 7.341
7115.000 7.119
7120.000 6.932
7125.000 6.837
7130.000 6.680
7135.000 6.620
7140.000 6.506
7145.000 6.417
7150.000 6.380
7155.000 6.328
7160.000 6.300
7165.000 6.271
7170.000 6.263
7175.000 6.269
7180.000 6.290
7185.000 6.307
7190.000 6.352
7195.000 6.449
7200.000 6.494
7205.000 6.605
7210.000 6.672
7215.000 6.830
7220.000 7.010
7225.000 7.120
7230.000 7.360
7235.000 7.500
7240.000 7.814
7245.000 8.178
7250.000 8.387
7255.000 8.885
7260.000 9.155
7265.000 9.783
7270.000 10.544
7275.000 10.982
7280.000 12.015
7285.000 12.617
7290.000 14.022
7295.000 15.803
7300.000 16.858
7305.000 19.319
7310.000 20.750
7315.000 23.870
7320.000 26.899
7325.000 27.997
7330.000 28.528
7335.000 27.721
7340.000 24.483
7345.000 20.629
7350.000 18.892
7355.000 15.921
7360.000 14.700
7365.000 12.681
7370.000 11.105
7375.000 10.449
7380.000 9.331
7385.000 8.851
7390.000 8.029
7395.000 7.343
7400.000 7.039
7405.000 6.516
7410.000 6.289
7415.000 5.871
7420.000 5.519
7425.000 5.358
7430.000 5.071
7435.000 4.935
7440.000 4.714
7445.000 4.501
7450.000 4.421
7455.000 4.244
7460.000 4.172
7465.000 4.035
7470.000 3.918
7475.000 3.871
7480.000 3.783
7485.000 3.729
7490.000 3.651
7495.000 3.592
7500.000 3.569
7505.000 3.523
7510.000 3.503
7515.000 3.489
7520.000 3.489
7525.000 3.470
7530.000 3.481
7535.000 3.503
7540.000 3.509
7545.000 3.540
7550.000 3.597
7555.000 3.670
7560.000 3.715
7565.000 3.825
7570.000 3.873
7575.000 4.012
7580.000 4.213
7585.000 4.320
7590.000 4.582
7595.000 4.720
7600.000 5.087
7605.000 5.550
7610.000 5.806
7615.000 6.467
7620.000 6.856
7625.000 7.762
7630.000 8.827
7635.000 9.376
7640.000 10.257
7645.000 10.469
7650.000 10.069
7655.000 8.722
7660.000 7.918
7665.000 6.446
7670.000 5.838
7675.000 4.823
7680.000 4.074
7685.000 3.767
7690.000 3.262
7695.000 3.049
7700.000 2.694
7705.000 2.407
7710.000 2.284
7715.000 2.072
7720.000 1.982
7725.000 1.809
7730.000 1.682
7735.000 1.622
7740.000 1.507
7745.000 1.464
7750.000 1.376
7755.000 1.314
7760.000 1.270
7765.000 1.209
7770.000 1.188
7775.000 1.139
7780.000 1.088
7785.000 1.069
7790.000 1.035
7795.000 1.018
7800.000 0.986
7805.000 0.972
7810.000 0.952
7815.000 0.931
7820.000 0.905
7825.000 0.902
7830.000 0.884
7835.000 0.871
7840.000 0.852
7845.000 0.859
7850.000 0.838
7855.000 0.830
7860.000 0.824
7865.000 0.809
7870.000 0.812
7875.000 0.794
7880.000 0.793
7885.000 0.782
7890.000 0.791
7895.000 0.774
7900.000 0.778
7905.000 0.767
7910.000 0.774
7915.000 0.754
7920.000 0.758
7925.000 0.762
7930.000 0.752
7935.000 0.748
7940.000 0.745
7945.000 0.747
7950.000 0.735
7955.000 0.730
7960.000 0.738
7965.000 0.729
7970.000 0.725
7975.000 0.730
7980.000 0.721
7985.000 0.727
7990.000 0.723
7995.000 0.728
8000.000 0.720
8005.000 0.713
8010.000 0.719
8015.000 0.707
8020.000 0.721
8025.000 0.713
8030.000 0.717
8035.000 0.706
8040.000 0.709
8045.000 0.708
8050.000 0.704
8055.000 0.704
8060.000 0.707
8065.000 0.703
8070.000 0.694
8075.000 0.691
8080.000 0.690
8085.000 0.691
8090.000 0.695
8095.000 0.694
8100.000 0.690
8105.000 0.697
8110.000 0.698
8115.000 0.705
8120.000 0.707
8125.000 0.704
8130.000 0.705
8135.000 0.697
8140.000 0.697
8145.000 0.698
8150.000 0.697
8155.000 0.697
8160.000 0.692
8165.000 0.694
8170.000 0.690
8175.000 0.701
8180.000 0.699
8185.000 0.681
8190.000 0.693
8195.000 0.697
8200.000 0.694
8205.000 0.689
8210.000 0.691
8215.000 0.697
8220.000 0.698
8225.000 0.694
8230.000 0.694
8235.000 0.687
8240.000 0.695
8245.000 0.689
8250.000 0.697
8255.000 0.690
8260.000 0.686
8265.000 0.691
8270.000 0.688
8275.000 0.687
8280.000 0.695
8285.000 0.691
8290.000 0.688
8295.000 0.692
8300.000 0.690
8305.000 0.695
8310.000 0.692
8315.000 0.690
8320.000 0.698
8325.000 0.694
8330.000 0.695
8335.000 0.693
8340.000 0.697
8345.000 0.687
8350.000 0.683
8355.000 0.688
8360.000 0.691
8365.000 0.695
8370.000 0.694
8375.000 0.694
8380.000 0.692
8385.000 0.685
8390.000 0.698
8395.000 0.691
8400.000 0.685
8405.000 0.694
8410.000 0.689
8415.000 0.683
8420.000 0.691
8425.000 0.691
8430.000 0.699
8435.000 0.703
8440.000 0.702
8445.000 0.699
8450.000 0.704
8455.000 0.695
8460.000 0.702
8465.000 0.706
8470.000 0.707
8475.000 0.707
8480.000 0.703
8485.000 0.709
8490.000 0.711
8495.000 0.711
8500.000 0.711
8505.000 0.714
8510.000 0.707
8515.000 0.711
8520.000 0.708
8525.000 0.715
8530.000 0.715
8535.000 0.719
8540.000 0.718
8545.000 0.718
8550.000 0.722
8555.000 0.719
8560.000 0.728
8565.000 0.723
8570.000 0.716
8575.000 0.727
8580.000 0.725
8585.000 0.731
8590.000 0.727
8595.000 0.737
8600.000 0.736
8605.000 0.738
8610.000 0.733
8615.000 0.739
8620.000 0.735
8625.000 0.727
8630.000 0.730
8635.000 0.744
8640.000 0.744
8645.000 0.757
8650.000 0.750
8655.000 0.756
8660.000 0.769
8665.000 0.763
8670.000 0.770
8675.000 0.771
8680.000 0.771
8685.000 0.778
8690.000 0.789
8695.000 0.786
8700.000 0.795
8705.000 0.799
8710.000 0.798
8715.000 0.803
8720.000 0.819
8725.000 0.825
8730.000 0.824
8735.000 0.839
8740.000 0.845
8745.000 0.850
8750.000 0.861
8755.000 0.857
8760.000 0.877
8765.000 0.885
8770.000 0.889
8775.000 0.899
8780.000 0.912
8785.000 0.928
8790.000 0.932
8795.000 0.952
8800.000 0.973
8805.000 0.973
8810.000 0.997
8815.000 1.004
8820.000 1.037
8825.000 1.053
8830.000 1.071
8835.000 1.095
8840.000 1.111
8845.000 1.142
8850.000 1.190
8855.000 1.193
8860.000 1.236
8865.000 1.270
8870.000 1.316
8875.000 1.354
8880.000 1.398
8885.000 1.460
8890.000 1.495
8895.000 1.564
8900.000 1.656
8905.000 1.702
8910.000 1.800
8915.000 1.861
8920.000 1.982
8925.000 2.125
8930.000 2.212
8935.000 2.393
8940.000 2.509
8945.000 2.739
8950.000 3.014
8955.000 3.188
8960.000 3.559
8965.000 3.768
8970.000 4.286
8975.000 4.926
8980.000 5.323
8985.000 6.307
8990.000 6.884
8995.000 8.274
9000.000 9.111
9005.000 10.991
9010.000 12.958
9015.000 13.745
9020.000 14.411
9025.000 14.134
9030.000 12.736
9035.000 11.046
9040.000 10.292
9045.000 9.057
9050.000 8.550
9055.000 7.741
9060.000 7.126
9065.000 6.872
9070.000 6.469
9075.000 6.315
9080.000 6.065
9085.000 5.873
9090.000 5.799
9095.000 5.709
9100.000 5.685
9105.000 5.656
9110.000 5.687
9115.000 5.708
9120.000 5.811
9125.000 5.875
9130.000 6.050
9135.000 6.283
9140.000 6.412
9145.000 6.741
9150.000 6.929
9155.000 7.390
9160.000 7.961
9165.000 8.288
9170.000 9.066
9175.000 9.526
9180.000 10.620
9185.000 11.945
9190.000 12.730
9195.000 14.488
9200.000 15.464
9205.000 17.411
9210.000 18.979
9215.000 19.406
9220.000 19.148
9225.000 18.503
9230.000 16.542
9235.000 14.406
9240.000 13.425
9245.000 11.725
9250.000 11.001
9255.000 9.783
9260.000 8.821
9265.000 8.415
9270.000 7.725
9275.000 7.420
9280.000 6.915
9285.000 6.501
9290.000 6.334
9295.000 6.060
9300.000 5.938
9305.000 5.697
9310.000 5.483
9315.000 5.367
9320.000 5.187
9325.000 5.113
9330.000 4.985
9335.000 4.878
9340.000 4.833
9345.000 4.745
9350.000 4.697
9355.000 4.617
9360.000 4.548
9365.000 4.522
9370.000 4.483
9375.000 4.473
9380.000 4.478
9385.000 4.502
9390.000 4.529
9395.000 4.581
9400.000 4.616
9405.000 4.711
9410.000 4.820
9415.000 4.887
9420.000 5.034
9425.000 5.121
9430.000 5.321
9435.000 5.534
9440.000 5.654
9445.000 5.889
9450.000 6.011
9455.000 6.223
9460.000 6.439
9465.000 6.576
9470.000 6.989
9475.000 7.264
9480.000 7.983
9485.000 8.892
9490.000 9.418
9495.000 10.606
9500.000 11.247
9505.000 12.520
9510.000 13.585
9515.000 13.909
9520.000 13.880
9525.000 13.510
9530.000 12.228
9535.000 10.657
9540.000 9.885
9545.000 8.515
9550.000 7.917
9555.000 6.862
9560.000 5.999
9565.000 5.631
9570.000 5.006
9575.000 4.758
9580.000 4.381
9585.000 4.236
9590.000 4.020
9595.000 3.829
9600.000 3.732
9605.000 3.548
9610.000 3.456
9615.000 3.276
9620.000 3.125
9625.000 3.061
9630.000 2.935
9635.000 2.876
9640.000 2.771
9645.000 2.695
9650.000 2.654
9655.000 2.576
9660.000 2.554
9665.000 2.495
9670.000 2.460
9675.000 2.434
9680.000 2.413
9685.000 2.406
9690.000 2.389
9695.000 2.397
9700.000 2.404
9705.000 2.431
9710.000 2.434
9715.000 2.482
9720.000 2.532
9725.000 2.582
9730.000 2.670
9735.000 2.720
9740.000 2.846
9745.000 3.006
9750.000 3.108
9755.000 3.327
9760.000 3.476
9765.000 3.797
9770.000 4.193
9775.000 4.422
9780.000 4.924
9785.000 5.183
9790.000 5.635
9795.000 5.856
9800.000 5.821
9805.000 5.414
9810.000 5.089
9815.000 4.374
9820.000 3.719
9825.000 3.437
9830.000 2.953
9835.000 2.759
9840.000 2.434
9845.000 2.158
9850.000 2.042
9855.000 1.863
9860.000 1.774
9865.000 1.642
9870.000 1.520
9875.000 1.461
9880.000 1.376
9885.000 1.329
9890.000 1.266
9895.000 1.205
9900.000 1.180
9905.000 1.129
9910.000 1.110
9915.000 1.071
9920.000 1.033
9925.000 1.017
9930.000 0.992
9935.000 0.983
9940.000 0.948
9945.000 0.934
9950.000 0.915
9955.000 0.904
9960.000 0.890
9965.000 0.871
9970.000 0.862
9975.000 0.859
9980.000 0.844
9985.000 0.841
9990.000 0.819
9995.000 0.815
10000.000 0.814
10005.000 0.799
10010.000 0.795
10015.000 0.785
10020.000 0.780
10025.000 0.768
10030.000 0.774
10035.000 0.763
10040.000 0.758
10045.000 0.756
10050.000 0.750
10055.000 0.752
10060.000 0.747
10065.000 0.739
10070.000 0.731
10075.000 0.734
10080.000 0.726
10085.000 0.726
10090.000 0.726
10095.000 0.727
10100.000 0.722
10105.000 0.715
10110.000 0.717
10115.000 0.721
10120.000 0.711
10125.000 0.710
10130.000 0.710
10135.000 0.710
10140.000 0.702
10145.000 0.698
10150.000 0.707
10155.000 0.707
10160.000 0.692
10165.000 0.701
10170.000 0.694
10175.000 0.700
10180.000 0.690
10185.000 0.695
10190.000 0.690
10195.000 0.688
10200.000 0.686
10205.000 0.688
10210.000 0.686
10215.000 0.682
10220.000 0.684
10225.000 0.680
10230.000 0.681
10235.000 0.686
10240.000 0.688
10245.000 0.675
10250.000 0.682
10255.000 0.675
10260.000 0.675
10265.000 0.675
10270.000 0.670
10275.000 0.676
10280.000 0.681
10285.000 0.675
10290.000 0.672
10295.000 0.677
10300.000 0.672
10305.000 0.679
10310.000 0.671
10315.000 0.669
10320.000 0.667
10325.000 0.672
10330.000 0.672
10335.000 0.668
10340.000 0.669
10345.000 0.668
10350.000 0.667
10355.000 0.671
10360.000 0.671
10365.000 0.674
10370.000 0.673
10375.000 0.669
10380.000 0.671
10385.000 0.670
10390.000 0.667
10395.000 0.672
10400.000 0.665
10405.000 0.667
10410.000 0.664
10415.000 0.664
10420.000 0.665
10425.000 0.664
10430.000 0.663
10435.000 0.661
10440.000 0.658
10445.000 0.658
10450.000 0.664
10455.000 0.662
10460.000 0.665
10465.000 0.663
10470.000 0.665
10475.000 0.667
10480.000 0.669
10485.000 0.664
10490.000 0.658
10495.000 0.663
10500.000 0.665
10505.000 0.666
10510.000 0.666
10515.000 0.665
10520.000 0.662
10525.000 0.663
10530.000 0.666
10535.000 0.668
10540.000 0.670
10545.000 0.667
10550.000 0.674
10555.000 0.667
10560.000 0.669
10565.000 0.676
10570.000 0.674
10575.000 0.676
10580.000 0.669
10585.000 0.674
10590.000 0.679
10595.000 0.683
10600.000 0.692
10605.000 0.700
10610.000 0.700
10615.000 0.707
10620.000 0.703
10625.000 0.702
10630.000 0.691
10635.000 0.685
10640.000 0.682
10645.000 0.664
10650.000 0.661
10655.000 0.654
10660.000 0.653
10665.000 0.646
10670.000 0.644
10675.000 0.637
10680.000 0.644
10685.000 0.647
10690.000 0.652
10695.000 0.649
10700.000 0.656
10705.000 0.655
10710.000 0.658
10715.000 0.661
10720.000 0.665
10725.000 0.663
10730.000 0.667
10735.000 0.677
10740.000 0.670
10745.000 0.667
10750.000 0.675
10755.000 0.677
10760.000 0.674
10765.000 0.671
10770.000 0.683
10775.000 0.687
10780.000 0.692
10785.000 0.686
10790.000 0.694
10795.000 0.698
10800.000 0.696
10805.000 0.694
10810.000 0.695
10815.000 0.696
10820.000 0.697
10825.000 0.693
10830.000 0.695
10835.000 0.696
10840.000 0.701
10845.000 0.700
10850.000 0.709
10855.000 0.705
10860.000 0.707
10865.000 0.701
10870.000 0.704
10875.000 0.709
10880.000 0.711
10885.000 0.714
10890.000 0.717
10895.000 0.708
10900.000 0.718
10905.000 0.724
10910.000 0.720
10915.000 0.723
10920.000 0.728
10925.000 0.730
10930.000 0.740
10935.000 0.740
10940.000 0.743
10945.000 0.742
10950.000 0.751
10955.000 0.747
10960.000 0.760
10965.000 0.767
10970.000 0.770
10975.000 0.775
10980.000 0.776
10985.000 0.782
10990.000 0.792
10995.000 0.800
11000.000 0.810
11005.000 0.813
11010.000 0.825
11015.000 0.833
11020.000 0.834
11025.000 0.854
11030.000 0.861
11035.000 0.874
11040.000 0.893
11045.000 0.892
11050.000 0.914
11055.000 0.925
11060.000 0.937
11065.000 0.963
11070.000 0.980
11075.000 1.000
11080.000 1.016
11085.000 1.040
11090.000 1.073
11095.000 1.082
11100.000 1.124
11105.000 1.153
11110.000 1.195
11115.000 1.247
11120.000 1.276
11125.000 1.339
11130.000 1.372
11135.000 1.455
11140.000 1.532
11145.000 1.587
11150.000 1.701
11155.000 1.763
11160.000 1.903
11165.000 2.078
11170.000 2.174
11175.000 2.405
11180.000 2.535
11185.000 2.847
11190.000 3.248
11195.000 3.480
11200.000 4.037
11205.000 4.372
11210.000 5.160
11215.000 6.081
11220.000 6.542
11225.000 7.333
11230.000 7.552
11235.000 7.439
11240.000 6.729
11245.000 6.286
11250.000 5.464
11255.000 5.109
11260.000 4.524
11265.000 4.075
11270.000 3.891
11275.000 3.585
11280.000 3.461
11285.000 3.268
11290.000 3.113
11295.000 3.060
11300.000 2.970
11305.000 2.937
11310.000 2.891
11315.000 2.864
11320.000 2.878
11325.000 2.893
11330.000 2.916
11335.000 2.967
11340.000 3.051
11345.000 3.108
11350.000 3.237
11355.000 3.308
11360.000 3.489
11365.000 3.597
11370.000 3.856
11375.000 4.151
11380.000 4.340
11385.000 4.756
11390.000 4.987
11395.000 5.567
11400.000 6.268
11405.000 6.677
11410.000 7.619
11415.000 8.163
11420.000 9.339
11425.000 10.520
11430.000 11.023
11435.000 11.619
11440.000 11.626
11445.000 11.057
11450.000 10.015
11455.000 9.431
11460.000 8.330
11465.000 7.848
11470.000 7.018
11475.000 6.327
11480.000 6.044
11485.000 5.545
11490.000 5.331
11495.000 4.965
11500.000 4.656
11505.000 4.527
11510.000 4.301
11515.000 4.190
11520.000 4.018
11525.000 3.866
11530.000 3.811
11535.000 3.697
11540.000 3.651
11545.000 3.568
11550.000 3.496
11555.000 3.470
11560.000 3.422
11565.000 3.400
11570.000 3.371
11575.000 3.368
11580.000 3.363
11585.000 3.373
11590.000 3.375
11595.000 3.400
11600.000 3.428
11605.000 3.460
11610.000 3.514
11615.000 3.542
11620.000 3.621
11625.000 3.717
11630.000 3.773
11635.000 3.902
11640.000 3.979
11645.000 4.140
11650.000 4.344
11655.000 4.448
11660.000 4.738
11665.000 4.882
11670.000 5.223
11675.000 5.421
11680.000 5.870
11685.000 6.412
11690.000 6.711
11695.000 7.396
11700.000 7.778
11705.000 8.544
11710.000 9.225
11715.000 9.489
11720.000 9.651
11725.000 9.531
11730.000 8.884
11735.000 7.911
11740.000 7.387
11745.000 6.394
11750.000 5.947
11755.000 5.174
11760.000 4.536
11765.000 4.260
11770.000 3.793
11775.000 3.583
11780.000 3.238
11785.000 2.939
11790.000 2.813
11795.000 2.579
11800.000 2.490
11805.000 2.315
11810.000 2.161
11815.000 2.087
11820.000 1.976
11825.000 1.917
11830.000 1.829
11835.000 1.744
11840.000 1.714
11845.000 1.653
11850.000 1.623
11855.000 1.573
11860.000 1.537
11865.000 1.528
11870.000 1.502
11875.000 1.496
11880.000 1.494
11885.000 1.491
11890.000 1.493
11895.000 1.509
11900.000 1.528
11905.000 1.564
11910.000 1.615
11915.000 1.648
11920.000 1.728
11925.000 1.776
11930.000 1.896
11935.000 2.052
11940.000 2.130
11945.000 2.350
11950.000 2.468
11955.000 2.744
11960.000 3.075
11965.000 3.235
11970.000 3.504
11975.000 3.589
11980.000 3.604
11985.000 3.405
11990.000 3.238
11995.000 2.870
12000.000 2.694
12005.000 2.372
12010.000 2.103
12015.000 1.995
12020.000 1.798
12025.000 1.708
12030.000 1.566
12035.000 1.455
12040.000 1.400
12045.000 1.309
12050.000 1.279
12055.000 1.203
12060.000 1.146
12065.000 1.123
12070.000 1.081
12075.000 1.059
12080.000 1.014
12085.000 0.988
12090.000 0.965
12095.000 0.944
12100.000 0.930
12105.000 0.912
12110.000 0.883
12115.000 0.884
12120.000 0.862
12125.000 0.848
12130.000 0.834
12135.000 0.825
12140.000 0.812
12145.000 0.803
12150.000 0.802
12155.000 0.788
12160.000 0.774
12165.000 0.774
12170.000 0.762
12175.000 0.761
12180.000 0.763
12185.000 0.760
12190.000 0.754
12195.000 0.753
12200.000 0.749
12205.000 0.745
12210.000 0.733
12215.000 0.732
12220.000 0.727
12225.000 0.722
12230.000 0.717
12235.000 0.701
12240.000 0.698
12245.000 0.687
12250.000 0.685
12255.000 0.686
12260.000 0.676
12265.000 0.674
12270.000 0.675
12275.000 0.666
12280.000 0.661
12285.000 0.672
12290.000 0.660
12295.000 0.662
12300.000 0.663
12305.000 0.660
12310.000 0.664
12315.000 0.657
12320.000 0.653
12325.000 0.657
12330.000 0.653
12335.000 0.663
12340.000 0.654
12345.000 0.653
12350.000 0.652
12355.000 0.649
12360.000 0.654
12365.000 0.650
12370.000 0.648
12375.000 0.651
12380.000 0.649
12385.000 0.642
12390.000 0.640
12395.000 0.652
12400.000 0.643
12405.000 0.645
12410.000 0.643
12415.000 0.641
12420.000 0.632
12425.000 0.641
12430.000 0.637
12435.000 0.637
12440.000 0.632
12445.000 0.638
12450.000 0.636
12455.000 0.629
12460.000 0.633
12465.000 0.633
12470.000 0.631
12475.000 0.632
12480.000 0.636
12485.000 0.627
12490.000 0.633
12495.000 0.628
12500.000 0.632
12505.000 0.624
12510.000 0.616
12515.000 0.629
12520.000 0.625
12525.000 0.627
12530.000 0.623
12535.000 0.625
12540.000 0.628
12545.000 0.626
12550.000 0.629
12555.000 0.625
12560.000 0.624
12565.000 0.619
12570.000 0.623
12575.000 0.623
12580.000 0.624
12585.000 0.618
12590.000 0.623
12595.000 0.621
12600.000 0.619
12605.000 0.623
12610.000 0.620
12615.000 0.617
12620.000 0.625
12625.000 0.622
12630.000 0.618
12635.000 0.623
12640.000 0.618
12645.000 0.622
12650.000 0.618
12655.000 0.621
12660.000 0.625
12665.000 0.618
12670.000 0.626
12675.000 0.616
12680.000 0.621
12685.000 0.616
12690.000 0.617
12695.000 0.617
12700.000 0.622
12705.000 0.618
12710.000 0.621
12715.000 0.620
12720.000 0.618
12725.000 0.617
12730.000 0.620
12735.000 0.623
12740.000 0.615
12745.000 0.619
12750.000 0.627
12755.000 0.618
12760.000 0.621
12765.000 0.621
12770.000 0.620
12775.000 0.620
12780.000 0.623
12785.000 0.623
12790.000 0.624
12795.000 0.626
12800.000 0.621
12805.000 0.621
12810.000 0.619
12815.000 0.624
12820.000 0.624
12825.000 0.622
12830.000 0.629
12835.000 0.624
12840.000 0.623
12845.000 0.618
12850.000 0.621
12855.000 0.628
12860.000 0.626
12865.000 0.623
12870.000 0.630
12875.000 0.623
12880.000 0.624
12885.000 0.622
12890.000 0.625
12895.000 0.624
12900.000 0.630
12905.000 0.632
12910.000 0.635
12915.000 0.630
12920.000 0.630
12925.000 0.628
12930.000 0.635
12935.000 0.629
12940.000 0.633
12945.000 0.638
12950.000 0.635
12955.000 0.637
12960.000 0.647
12965.000 0.632
12970.000 0.640
12975.000 0.643
12980.000 0.645
12985.000 0.647
12990.000 0.649
12995.000 0.643
13000.000 0.643
13005.000 0.652
13010.000 0.655
13015.000 0.651
13020.000 0.659
13025.000 0.656
13030.000 0.655
13035.000 0.663
13040.000 0.661
13045.000 0.661
13050.000 0.661
13055.000 0.668
13060.000 0.663
13065.000 0.670
13070.000 0.670
13075.000 0.677
13080.000 0.684
13085.000 0.683
13090.000 0.687
13095.000 0.692
13100.000 0.694
13105.000 0.700
13110.000 0.701
13115.000 0.706
13120.000 0.702
13125.000 0.711
13130.000 0.717
13135.000 0.720
13140.000 0.723
13145.000 0.727
13150.000 0.735
13155.000 0.745
13160.000 0.748
13165.000 0.754
13170.000 0.770
13175.000 0.770
13180.000 0.786
13185.000 0.793
13190.000 0.800
13195.000 0.805
13200.000 0.819
13205.000 0.840
13210.000 0.846
13215.000 0.858
13220.000 0.871
13225.000 0.898
13230.000 0.915
13235.000 0.928
13240.000 0.957
13245.000 0.973
13250.000 0.996
13255.000 1.035
13260.000 1.060
13265.000 1.098
13270.000 1.120
13275.000 1.171
13280.000 1.231
13285.000 1.259
13290.000 1.334
13295.000 1.380
13300.000 1.465
13305.000 1.578
13310.000 1.637
13315.000 1.777
13320.000 1.856
13325.000 2.041
13330.000 2.265
13335.000 2.395
13340.000 2.681
13345.000 2.853
13350.000 3.207
13355.000 3.567
13360.000 3.733
13365.000 3.931
13370.000 3.958
13375.000 3.820
13380.000 3.507
13385.000 3.316
13390.000 2.941
13395.000 2.769
13400.000 2.470
13405.000 2.221
13410.000 2.118
13415.000 1.942
13420.000 1.866
13425.000 1.751
13430.000 1.657
13435.000 1.606
13440.000 1.541
13445.000 1.512
13450.000 1.473
13455.000 1.455
13460.000 1.430
13465.000 1.423
13470.000 1.415
13475.000 1.432
13480.000 1.437
13485.000 1.457
13490.000 1.503
13495.000 1.520
13500.000 1.574
13505.000 1.609
13510.000 1.678
13515.000 1.770
13520.000 1.822
13525.000 1.938
13530.000 2.012
13535.000 2.152
13540.000 2.333
13545.000 2.425
13550.000 2.658
13555.000 2.789
13560.000 3.070
13565.000 3.402
13570.000 3.586
13575.000 4.005
13580.000 4.223
13585.000 4.668
13590.000 5.121
13595.000 5.345
13600.000 5.701
13605.000 5.815
13610.000 5.913
13615.000 5.818
13620.000 5.713
13625.000 5.419
13630.000 5.254
13635.000 4.923
13640.000 4.583
13645.000 4.436
13650.000 4.154
13655.000 4.043
13660.000 3.802
13665.000 3.611
13670.000 3.526
13675.000 3.360
13680.000 3.292
13685.000 3.172
13690.000 3.071
13695.000 3.016
13700.000 2.940
13705.000 2.900
13710.000 2.836
13715.000 2.785
13720.000 2.762
13725.000 2.720
13730.000 2.701
13735.000 2.684
13740.000 2.661
13745.000 2.652
13750.000 2.651
13755.000 2.652
13760.000 2.654
13765.000 2.663
13770.000 2.675
13775.000 2.692
13780.000 2.708
13785.000 2.745
13790.000 2.791
13795.000 2.809
13800.000 2.861
13805.000 2.892
13810.000 2.971
13815.000 3.059
13820.000 3.094
13825.000 3.200
13830.000 3.266
13835.000 3.393
13840.000 3.542
13845.000 3.627
13850.000 3.807
13855.000 3.915
13860.000 4.131
13865.000 4.379
13870.000 4.511
13875.000 4.785
13880.000 4.940
13885.000 5.217
13890.000 5.477
13895.000 5.581
13900.000 5.722
13905.000 5.758
13910.000 5.692
13915.000 5.473
13920.000 5.322
13925.000 4.952
13930.000 4.747
13935.000 4.329
13940.000 3.925
13945.000 3.728
13950.000 3.385
13955.000 3.229
13960.000 2.940
13965.000 2.697
13970.000 2.581
13975.000 2.377
13980.000 2.284
13985.000 2.123
13990.000 1.982
13995.000 1.917
14000.000 1.807
14005.000 1.759
14010.000 1.679
14015.000 1.618
14020.000 1.582
14025.000 1.533
14030.000 1.511
14035.000 1.465
14040.000 1.449
14045.000 1.411
14050.000 1.384
14055.000 1.369
14060.000 1.350
14065.000 1.326
14070.000 1.317
14075.000 1.321
14080.000 1.321
14085.000 1.341
14090.000 1.346
14095.000 1.392
14100.000 1.443
14105.000 1.477
14110.000 1.550
14115.000 1.593
14120.000 1.699
14125.000 1.832
14130.000 1.901
14135.000 2.073
14140.000 2.167
14145.000 2.364
14150.000 2.567
14155.000 2.670
14160.000 2.839
14165.000 2.904
14170.000 2.963
14175.000 2.929
14180.000 2.879
14185.000 2.740
14190.000 2.653
14195.000 2.470
14200.000 2.283
14205.000 2.191
14210.000 2.017
14215.000 1.950
14220.000 1.799
14225.000 1.670
14230.000 1.620
14235.000 1.520
14240.000 1.469
14245.000 1.395
14250.000 1.324
14255.000 1.286
14260.000 1.224
14265.000 1.204
14270.000 1.152
14275.000 1.118
14280.000 1.092
14285.000 1.056
14290.000 1.036
14295.000 1.010
14300.000 0.982
14305.000 0.969
14310.000 0.942
14315.000 0.930
14320.000 0.914
14325.000 0.892
14330.000 0.885
14335.000 0.861
14340.000 0.857
14345.000 0.841
14350.000 0.828
14355.000 0.818
14360.000 0.810
14365.000 0.802
14370.000 0.793
14375.000 0.785
14380.000 0.780
14385.000 0.774
14390.000 0.768
14395.000 0.759
14400.000 0.747
14405.000 0.751
14410.000 0.743
14415.000 0.734
14420.000 0.733
14425.000 0.729
14430.000 0.722
14435.000 0.713
14440.000 0.712
14445.000 0.708
14450.000 0.706
14455.000 0.698
14460.000 0.698
14465.000 0.697
14470.000 0.690
14475.000 0.680
14480.000 0.684
14485.000 0.679
14490.000 0.679
14495.000 0.680
14500.000 0.670
14505.000 0.670
14510.000 0.668
14515.000 0.663
14520.000 0.663
14525.000 0.664
14530.000 0.663
14535.000 0.656
14540.000 0.651
14545.000 0.654
14550.000 0.648
14555.000 0.645
14560.000 0.647
14565.000 0.646
14570.000 0.645
14575.000 0.641
14580.000 0.651
14585.000 0.643
14590.000 0.644
14595.000 0.636
14600.000 0.638
14605.000 0.632
14610.000 0.630
14615.000 0.631
14620.000 0.631
14625.000 0.633
14630.000 0.631
14635.000 0.634
14640.000 0.628
14645.000 0.622
14650.000 0.620
14655.000 0.618
14660.000 0.621
14665.000 0.624
14670.000 0.619
14675.000 0.624
14680.000 0.618
14685.000 0.618
14690.000 0.617
14695.000 0.622
14700.000 0.618
14705.000 0.614
14710.000 0.618
14715.000 0.614
14720.000 0.617
14725.000 0.617
14730.000 0.618
14735.000 0.617
14740.000 0.616
14745.000 0.615
14750.000 0.605
14755.000 0.607
14760.000 0.618
14765.000 0.614
14770.000 0.618
14775.000 0.610
14780.000 0.620
14785.000 0.616
14790.000 0.613
14795.000 0.615
14800.000 0.613
14805.000 0.614
14810.000 0.608
14815.000 0.615
14820.000 0.614
14825.000 0.612
14830.000 0.613
14835.000 0.614
14840.000 0.611
14845.000 0.611
14850.000 0.617
14855.000 0.620
14860.000 0.615
14865.000 0.616
14870.000 0.616
14875.000 0.613
14880.000 0.610
14885.000 0.617
14890.000 0.619
14895.000 0.618
14900.000 0.618
14905.000 0.619
14910.000 0.621
14915.000 0.626
14920.000 0.627
14925.000 0.626
14930.000 0.625
14935.000 0.633
14940.000 0.629
14945.000 0.637
14950.000 0.633
14955.000 0.631
14960.000 0.637
14965.000 0.643
14970.000 0.638
14975.000 0.643
14980.000 0.650
14985.000 0.649
14990.000 0.652
14995.000 0.654
15000.000 0.660
15005.000 0.659
15010.000 0.659
15015.000 0.668
15020.000 0.663
15025.000 0.673
15030.000 0.674
15035.000 0.675
15040.000 0.682
15045.000 0.691
15050.000 0.693
15055.000 0.705
15060.000 0.704
15065.000 0.716
15070.000 0.722
15075.000 0.723
15080.000 0.734
15085.000 0.739
15090.000 0.757
15095.000 0.768
15100.000 0.770
15105.000 0.783
15110.000 0.793
15115.000 0.811
15120.000 0.829
15125.000 0.831
15130.000 0.861
15135.000 0.875
15140.000 0.897
15145.000 0.935
15150.000 0.945
15155.000 0.992
15160.000 1.007
15165.000 1.055
15170.000 1.107
15175.000 1.135
15180.000 1.206
15185.000 1.236
15190.000 1.322
15195.000 1.410
15200.000 1.457
15205.000 1.553
15210.000 1.597
15215.000 1.673
15220.000 1.702
15225.000 1.699
15230.000 1.631
15235.000 1.568
15240.000 1.416
15245.000 1.239
15250.000 1.148
15255.000 0.984
15260.000 0.911
15265.000 0.792
15270.000 0.688
15275.000 0.645
15280.000 0.568
15285.000 0.535
15290.000 0.475
15295.000 0.427
15300.000 0.411
15305.000 0.377
15310.000 0.363
15315.000 0.343
15320.000 0.329
15325.000 0.318
15330.000 0.304
15335.000 0.306
15340.000 0.297
15345.000 0.300
15350.000 0.307
15355.000 0.308
15360.000 0.319
15365.000 0.325
15370.000 0.343
15375.000 0.352
15380.000 0.374
15385.000 0.382
15390.000 0.410
15395.000 0.443
15400.000 0.456
15405.000 0.495
15410.000 0.518
15415.000 0.567
15420.000 0.621
15425.000 0.642
15430.000 0.705
15435.000 0.740
15440.000 0.831
15445.000 0.923
15450.000 0.975
15455.000 1.089
15460.000 1.152
15465.000 1.303
15470.000 1.471
15475.000 1.569
15480.000 1.780
15485.000 1.886
15490.000 2.125
15495.000 2.366
15500.000 2.476
15505.000 2.677
15510.000 2.756
15515.000 2.851
15520.000 2.855
15525.000 2.826
15530.000 2.735
15535.000 2.662
15540.000 2.529
15545.000 2.460
15550.000 2.326
15555.000 2.202
15560.000 2.144
15565.000 2.034
15570.000 1.993
15575.000 1.902
15580.000 1.827
15585.000 1.791
15590.000 1.727
15595.000 1.697
15600.000 1.653
15605.000 1.605
15610.000 1.587
15615.000 1.548
15620.000 1.539
15625.000 1.509
15630.000 1.486
15635.000 1.477
15640.000 1.455
15645.000 1.448
15650.000 1.436
15655.000 1.422
15660.000 1.422
15665.000 1.415
15670.000 1.409
15675.000 1.411
15680.000 1.408
15685.000 1.414
15690.000 1.412
15695.000 1.421
15700.000 1.433
15705.000 1.441
15710.000 1.449
15715.000 1.472
15720.000 1.485
15725.000 1.500
15730.000 1.534
15735.000 1.549
15740.000 1.583
15745.000 1.606
15750.000 1.653
15755.000 1.700
15760.000 1.728
15765.000 1.790
15770.000 1.823
15775.000 1.901
15780.000 1.985
15785.000 2.031
15790.000 2.119
15795.000 2.164
15800.000 2.247
15805.000 2.311
15810.000 2.336
15815.000 2.327
15820.000 2.302
15825.000 2.179
15830.000 2.004
15835.000 1.901
15840.000 1.667
15845.000 1.560
15850.000 1.334
15855.000 1.142
15860.000 1.047
15865.000 0.891
15870.000 0.813
15875.000 0.692
15880.000 0.586
15885.000 0.536
15890.000 0.463
15895.000 0.427
15900.000 0.365
15905.000 0.315
15910.000 0.292
15915.000 0.256
15920.000 0.240
15925.000 0.212
15930.000 0.183
15935.000 0.167
15940.000 0.156
15945.000 0.152
15950.000 0.137
15955.000 0.136
15960.000 0.135
15965.000 0.131
15970.000 0.138
15975.000 0.147
15980.000 0.158
15985.000 0.164
15990.000 0.170
15995.000 0.175
16000.000 0.178
