5.000 1.563
10.000 1.405
15.000 2.475
20.000 1.183
25.000 1.499
30.000 1.251
35.000 2.891
40.000 1.756
45.000 1.811
50.000 2.042
55.000 2.351
60.000 1.706
65.000 2.190
70.000 2.116
75.000 2.652
80.000 2.182
85.000 3.076
90.000 4.484
95.000 2.612
100.000 7.319
105.000 9.347
110.000 6.445
115.000 5.936
120.000 7.615
125.000 8.503
130.000 4.472
135.000 8.150
140.000 1.802
145.000 5.173
150.000 7.253
155.000 6.178
160.000 9.339
165.000 8.494
170.000 7.457
175.000 7.040
180.000 10.392
185.000 9.272
190.000 7.979
195.000 8.661
200.000 8.717
205.000 8.755
210.000 7.453
215.000 10.726
220.000 10.755
225.000 8.882
230.000 9.676
235.000 10.597
240.000 11.549
245.000 11.415
250.000 10.204
255.000 11.405
260.000 12.050
265.000 12.609
270.000 12.450
275.000 12.225
280.000 13.439
285.000 13.055
290.000 15.898
295.000 14.501
300.000 13.273
305.000 14.274
310.000 15.413
315.000 16.323
320.000 16.084
325.000 14.732
330.000 18.999
335.000 17.568
340.000 18.485
345.000 19.336
350.000 21.113
355.000 20.538
360.000 20.738
365.000 23.784
370.000 23.468
375.000 24.620
380.000 26.243
385.000 26.789
390.000 28.200
395.000 28.879
400.000 30.180
405.000 31.606
410.000 33.868
415.000 34.561
420.000 36.811
425.000 37.633
430.000 38.649
435.000 39.389
440.000 40.727
445.000 41.646
450.000 40.809
455.000 43.330
460.000 41.844
465.000 41.016
470.000 40.978
475.000 38.581
480.000 37.998
485.000 36.772
490.000 34.757
495.000 33.699
500.000 31.379
505.000 31.007
510.000 28.262
515.000 27.892
520.000 26.414
525.000 25.342
530.000 24.704
535.000 24.131
540.000 21.793
545.000 21.952
550.000 20.769
555.000 19.776
560.000 19.612
565.000 18.944
570.000 17.885
575.000 16.525
580.000 16.804
585.000 16.598
590.000 15.887
595.000 15.328
600.000 14.390
605.000 14.341
610.000 14.501
615.000 14.361
620.000 13.303
625.000 12.487
630.000 12.342
635.000 12.456
640.000 12.091
645.000 11.193
650.000 11.906
655.000 11.349
660.000 11.379
665.000 11.350
670.000 10.966
675.000 10.615
680.000 10.479
685.000 10.062
690.000 10.123
695.000 9.927
700.000 9.692
705.000 9.547
710.000 9.326
715.000 9.262
720.000 8.977
725.000 9.021
730.000 9.002
735.000 8.759
740.000 8.596
745.000 8.604
750.000 7.972
755.000 8.466
760.000 8.676
765.000 8.187
770.000 8.070
775.000 7.534
780.000 7.661
785.000 7.831
790.000 7.711
795.000 8.696
800.000 7.403
805.000 7.566
810.000 7.536
815.000 7.456
820.000 7.589
825.000 7.305
830.000 7.410
835.000 7.054
840.000 7.894
845.000 7.405
850.000 7.274
855.000 7.125
860.000 7.102
865.000 6.989
870.000 7.376
875.000 7.463
880.000 7.338
885.000 7.208
890.000 7.905
895.000 7.581
900.000 7.397
905.000 7.590
910.000 7.725
915.000 7.880
920.000 8.015
925.000 8.284
930.000 8.364
935.000 8.801
940.000 8.795
945.000 9.169
950.000 9.705
955.000 9.470
960.000 9.974
965.000 10.312
970.000 12.009
975.000 11.595
980.000 11.791
985.000 12.756
990.000 13.295
995.000 14.508
1000.000 15.021
1005.000 16.268
1010.000 18.154
1015.000 18.945
1020.000 20.722
1025.000 21.829
1030.000 23.491
1035.000 24.737
1040.000 25.074
1045.000 24.764
1050.000 24.883
1055.000 23.599
1060.000 22.056
1065.000 20.846
1070.000 19.683
1075.000 18.395
1080.000 16.774
1085.000 14.857
1090.000 14.363
1095.000 13.396
1100.000 12.639
1105.000 11.872
1110.000 10.978
1115.000 10.589
1120.000 10.044
1125.000 9.602
1130.000 9.055
1135.000 8.550
1140.000 8.304
1145.000 8.046
1150.000 7.830
1155.000 7.616
1160.000 7.141
1165.000 7.206
1170.000 7.078
1175.000 7.145
1180.000 7.195
1185.000 6.937
1190.000 7.642
1195.000 7.287
1200.000 7.575
1205.000 7.757
1210.000 7.943
1215.000 8.340
1220.000 8.270
1225.000 7.789
1230.000 8.803
1235.000 8.629
1240.000 8.691
1245.000 8.679
1250.000 8.750
1255.000 8.818
1260.000 8.767
1265.000 8.739
1270.000 8.740
1275.000 8.690
1280.000 8.730
1285.000 8.661
1290.000 8.697
1295.000 8.614
1300.000 8.570
1305.000 8.452
1310.000 8.475
1315.000 9.018
1320.000 8.483
1325.000 8.362
1330.000 8.297
1335.000 8.031
1340.000 8.167
1345.000 8.171
1350.000 8.131
1355.000 8.070
1360.000 8.005
1365.000 7.964
1370.000 7.895
1375.000 8.010
1380.000 7.854
1385.000 7.776
1390.000 7.743
1395.000 7.667
1400.000 7.419
1405.000 7.658
1410.000 7.616
1415.000 7.578
1420.000 7.535
1425.000 7.542
1430.000 7.470
1435.000 7.435
1440.000 7.445
1445.000 7.591
1450.000 7.451
1455.000 7.388
1460.000 7.401
1465.000 7.335
1470.000 7.390
1475.000 7.391
1480.000 7.349
1485.000 7.438
1490.000 7.574
1495.000 7.401
1500.000 7.435
1505.000 7.437
1510.000 7.460
1515.000 7.476
1520.000 7.514
1525.000 7.542
1530.000 7.596
1535.000 7.635
1540.000 7.678
1545.000 7.739
1550.000 7.795
1555.000 7.848
1560.000 7.902
1565.000 7.959
1570.000 8.041
1575.000 8.101
1580.000 8.160
1585.000 8.423
1590.000 8.539
1595.000 8.659
1600.000 8.397
1605.000 8.612
1610.000 8.664
1615.000 8.801
1620.000 8.925
1625.000 9.010
1630.000 9.170
1635.000 9.214
1640.000 9.373
1645.000 9.526
1650.000 9.568
1655.000 9.747
1660.000 9.872
1665.000 10.031
1670.000 10.314
1675.000 10.268
1680.000 10.505
1685.000 10.557
1690.000 10.894
1695.000 11.022
1700.000 11.048
1705.000 11.301
1710.000 11.409
1715.000 11.669
1720.000 11.898
1725.000 12.013
1730.000 12.248
1735.000 12.337
1740.000 12.626
1745.000 12.807
1750.000 12.983
1755.000 13.279
1760.000 13.401
1765.000 13.731
1770.000 13.976
1775.000 14.228
1780.000 14.353
1785.000 14.581
1790.000 14.884
1795.000 15.201
1800.000 15.363
1805.000 15.668
1810.000 15.842
1815.000 16.189
1820.000 16.513
1825.000 16.680
1830.000 17.064
1835.000 17.202
1840.000 17.578
1845.000 17.924
1850.000 18.117
1855.000 18.427
1860.000 18.657
1865.000 19.020
1870.000 19.387
1875.000 19.545
1880.000 19.947
1885.000 20.172
1890.000 20.538
1895.000 20.873
1900.000 21.082
1905.000 21.461
1910.000 21.638
1915.000 22.014
1920.000 22.392
1925.000 22.592
1930.000 22.956
1935.000 23.160
1940.000 23.517
1945.000 23.891
1950.000 24.074
1955.000 24.454
1960.000 24.577
1965.000 25.011
1970.000 25.369
1975.000 25.541
1980.000 25.902
1985.000 26.143
1990.000 26.477
1995.000 26.861
2000.000 27.060
2005.000 27.450
2010.000 27.635
2015.000 28.041
2020.000 28.426
2025.000 28.607
2030.000 29.004
2035.000 29.245
2040.000 29.689
2045.000 30.091
2050.000 30.346
2055.000 30.818
2060.000 31.046
2065.000 31.540
2070.000 32.083
2075.000 32.351
2080.000 32.899
2085.000 33.184
2090.000 33.745
2095.000 34.425
2100.000 34.719
2105.000 35.424
2110.000 35.792
2115.000 36.523
2120.000 37.319
2125.000 37.754
2130.000 38.629
2135.000 39.116
2140.000 40.066
2145.000 41.119
2150.000 41.695
2155.000 42.856
2160.000 43.471
2165.000 44.799
2170.000 46.241
2175.000 47.001
2180.000 48.708
2185.000 49.593
2190.000 51.467
2195.000 52.454
2200.000 54.593
2205.000 56.985
2210.000 58.230
2215.000 60.993
2220.000 62.457
2225.000 65.710
2230.000 69.342
2235.000 71.324
2240.000 75.622
2245.000 77.962
2250.000 83.134
2255.000 88.987
2260.000 92.115
2265.000 99.096
2270.000 102.883
2275.000 111.168
2280.000 119.672
2285.000 123.723
2290.000 129.453
2295.000 131.559
2300.000 134.777
2305.000 136.759
2310.000 137.339
2315.000 137.686
2320.000 137.448
2325.000 136.091
2330.000 133.430
2335.000 131.512
2340.000 126.181
2345.000 122.201
2350.000 112.122
2355.000 102.614
2360.000 98.215
2365.000 90.122
2370.000 86.453
2375.000 79.773
2380.000 73.858
2385.000 71.165
2390.000 66.289
2395.000 64.071
2400.000 59.986
2405.000 56.373
2410.000 54.708
2415.000 51.630
2420.000 50.207
2425.000 47.540
2430.000 45.212
2435.000 44.073
2440.000 42.012
2445.000 41.045
2450.000 39.271
2455.000 37.635
2460.000 36.858
2465.000 35.439
2470.000 34.730
2475.000 33.428
2480.000 32.171
2485.000 31.612
2490.000 30.569
2495.000 30.077
2500.000 29.122
2505.000 28.238
2510.000 27.812
2515.000 27.029
2520.000 26.622
2525.000 25.954
2530.000 25.236
2535.000 24.936
2540.000 24.302
2545.000 24.023
2550.000 23.452
2555.000 22.923
2560.000 22.669
2565.000 22.233
2570.000 21.974
2575.000 21.541
2580.000 21.140
2585.000 20.926
2590.000 20.532
2595.000 20.375
2600.000 20.030
2605.000 19.697
2610.000 19.548
2615.000 19.248
2620.000 19.115
2625.000 18.835
2630.000 18.545
2635.000 18.438
2640.000 18.239
2645.000 18.096
2650.000 17.897
2655.000 17.695
2660.000 17.613
2665.000 17.434
2670.000 17.338
2675.000 17.177
2680.000 17.026
2685.000 16.961
2690.000 16.829
2695.000 16.756
2700.000 16.636
2705.000 16.537
2710.000 16.496
2715.000 16.394
2720.000 16.351
2725.000 16.278
2730.000 16.227
2735.000 16.142
2740.000 16.104
2745.000 16.111
2750.000 16.059
2755.000 16.014
2760.000 15.991
2765.000 15.988
2770.000 15.986
2775.000 15.981
2780.000 15.995
2785.000 15.997
2790.000 16.015
2795.000 16.027
2800.000 16.076
2805.000 16.092
2810.000 16.140
2815.000 16.206
2820.000 16.241
2825.000 16.327
2830.000 16.381
2835.000 16.476
2840.000 16.573
2845.000 16.639
2850.000 16.775
2855.000 16.843
2860.000 17.003
2865.000 17.176
2870.000 17.269
2875.000 17.448
2880.000 17.554
2885.000 17.779
2890.000 18.034
2895.000 18.168
2900.000 18.422
2905.000 18.604
2910.000 18.903
2915.000 19.246
2920.000 19.427
2925.000 19.829
2930.000 20.019
2935.000 20.476
2940.000 20.981
2945.000 21.229
2950.000 21.794
2955.000 22.106
2960.000 22.743
2965.000 23.460
2970.000 23.847
2975.000 24.645
2980.000 25.100
2985.000 26.059
2990.000 27.131
2995.000 27.706
3000.000 28.977
3005.000 29.664
3010.000 31.159
3015.000 32.888
3020.000 33.834
3025.000 35.940
3030.000 37.091
3035.000 39.728
3040.000 42.805
3045.000 44.540
3050.000 48.551
3055.000 50.789
3060.000 55.828
3065.000 62.218
3070.000 65.936
3075.000 74.786
3080.000 79.476
3085.000 90.239
3090.000 95.859
3095.000 106.704
3100.000 114.059
3105.000 115.208
3110.000 111.069
3115.000 106.079
3120.000 93.288
3125.000 80.286
3130.000 74.384
3135.000 64.154
3140.000 59.784
3145.000 52.427
3150.000 46.315
3155.000 43.762
3160.000 39.268
3165.000 37.302
3170.000 33.883
3175.000 30.989
3180.000 29.711
3185.000 27.447
3190.000 26.307
3195.000 24.448
3200.000 22.787
3205.000 22.066
3210.000 20.678
3215.000 20.038
3220.000 18.872
3225.000 17.813
3230.000 17.315
3235.000 16.442
3240.000 16.023
3245.000 15.240
3250.000 14.532
3255.000 14.222
3260.000 13.584
3265.000 13.284
3270.000 12.727
3275.000 12.234
3280.000 11.987
3285.000 11.526
3290.000 11.302
3295.000 10.876
3300.000 10.531
3305.000 10.341
3310.000 9.965
3315.000 9.815
3320.000 9.470
3325.000 9.157
3330.000 9.012
3335.000 8.729
3340.000 8.595
3345.000 8.336
3350.000 8.091
3355.000 7.974
3360.000 7.670
3365.000 7.682
3370.000 7.384
3375.000 7.230
3380.000 7.135
3385.000 6.951
3390.000 6.861
3395.000 6.712
3400.000 6.556
3405.000 6.476
3410.000 6.326
3415.000 6.245
3420.000 6.114
3425.000 5.983
3430.000 5.917
3435.000 5.781
3440.000 5.731
3445.000 5.605
3450.000 5.492
3455.000 5.444
3460.000 5.321
3465.000 5.262
3470.000 5.168
3475.000 5.056
3480.000 5.010
3485.000 4.913
3490.000 4.847
3495.000 4.780
3500.000 4.685
3505.000 4.643
3510.000 4.560
3515.000 4.530
3520.000 4.438
3525.000 4.360
3530.000 4.329
3535.000 4.254
3540.000 4.220
3545.000 4.140
3550.000 4.085
3555.000 4.042
3560.000 3.978
3565.000 3.965
3570.000 3.897
3575.000 3.829
3580.000 3.801
3585.000 3.756
3590.000 3.724
3595.000 3.672
3600.000 3.621
3605.000 3.590
3610.000 3.556
3615.000 3.530
3620.000 3.485
3625.000 3.433
3630.000 3.424
3635.000 3.395
3640.000 3.359
3645.000 3.323
3650.000 3.286
3655.000 3.272
3660.000 3.232
3665.000 3.219
3670.000 3.179
3675.000 3.168
3680.000 3.128
3685.000 3.100
3690.000 3.098
3695.000 3.073
3700.000 3.055
3705.000 3.026
3710.000 3.004
3715.000 2.989
3720.000 2.965
3725.000 2.946
3730.000 2.923
3735.000 2.908
3740.000 2.904
3745.000 2.879
3750.000 2.875
3755.000 2.850
3760.000 2.840
3765.000 2.819
3770.000 2.821
3775.000 2.796
3780.000 2.787
3785.000 2.787
3790.000 2.750
3795.000 2.758
3800.000 2.763
3805.000 2.750
3810.000 2.745
3815.000 2.726
3820.000 2.725
3825.000 2.718
3830.000 2.704
3835.000 2.703
3840.000 2.701
3845.000 2.692
3850.000 2.688
3855.000 2.698
3860.000 2.690
3865.000 2.683
3870.000 2.692
3875.000 2.673
3880.000 2.683
3885.000 2.685
3890.000 2.682
3895.000 2.683
3900.000 2.691
3905.000 2.685
3910.000 2.687
3915.000 2.700
3920.000 2.697
3925.000 2.697
3930.000 2.709
3935.000 2.703
3940.000 2.717
3945.000 2.709
3950.000 2.725
3955.000 2.710
3960.000 2.726
3965.000 2.713
3970.000 2.722
3975.000 2.734
3980.000 2.736
3985.000 2.732
3990.000 2.735
3995.000 2.744
4000.000 2.746
4005.000 2.747
4010.000 2.759
4015.000 2.768
4020.000 2.765
4025.000 2.772
4030.000 2.767
4035.000 2.777
4040.000 2.762
4045.000 2.778
4050.000 2.765
4055.000 2.764
4060.000 2.760
4065.000 2.749
4070.000 2.724
4075.000 2.710
4080.000 2.694
4085.000 2.675
4090.000 2.675
4095.000 2.665
4100.000 2.652
4105.000 2.647
4110.000 2.644
4115.000 2.649
4120.000 2.669
4125.000 2.674
4130.000 2.686
4135.000 2.709
4140.000 2.741
4145.000 2.776
4150.000 2.792
4155.000 2.835
4160.000 2.903
4165.000 2.936
4170.000 2.979
4175.000 3.021
4180.000 3.086
4185.000 3.162
4190.000 3.199
4195.000 3.271
4200.000 3.316
4205.000 3.393
4210.000 3.479
4215.000 3.529
4220.000 3.617
4225.000 3.672
4230.000 3.780
4235.000 3.887
4240.000 3.940
4245.000 4.057
4250.000 4.125
4255.000 4.241
4260.000 4.395
4265.000 4.460
4270.000 4.612
4275.000 4.686
4280.000 4.849
4285.000 4.940
4290.000 5.114
4295.000 5.304
4300.000 5.399
4305.000 5.611
4310.000 5.713
4315.000 5.952
4320.000 6.197
4325.000 6.345
4330.000 6.605
4335.000 6.742
4340.000 7.050
4345.000 7.372
4350.000 7.543
4355.000 7.914
4360.000 8.106
4365.000 8.512
4370.000 8.938
4375.000 9.169
4380.000 9.672
4385.000 9.924
4390.000 10.484
4395.000 11.076
4400.000 11.400
4405.000 12.079
4410.000 12.447
4415.000 13.237
4420.000 14.070
4425.000 14.540
4430.000 15.520
4435.000 16.034
4440.000 17.179
4445.000 18.432
4450.000 19.118
4455.000 20.602
4460.000 21.402
4465.000 23.162
4470.000 25.142
4475.000 26.234
4480.000 28.637
4485.000 29.972
4490.000 32.939
4495.000 36.375
4500.000 38.313
4505.000 42.732
4510.000 45.218
4515.000 50.990
4520.000 58.026
4525.000 62.097
4530.000 71.728
4535.000 77.423
4540.000 90.883
4545.000 107.524
4550.000 117.057
4555.000 130.007
4560.000 134.088
4565.000 137.998
4570.000 138.139
4575.000 136.789
4580.000 130.873
4585.000 126.315
4590.000 110.638
4595.000 95.809
4600.000 89.589
4605.000 79.107
4610.000 74.713
4615.000 67.212
4620.000 61.054
4625.000 58.411
4630.000 53.715
4635.000 51.661
4640.000 48.011
4645.000 44.854
4650.000 43.438
4655.000 40.839
4660.000 39.681
4665.000 37.544
4670.000 35.626
4675.000 34.748
4680.000 33.118
4685.000 32.368
4690.000 30.975
4695.000 29.721
4700.000 29.115
4705.000 27.999
4710.000 27.474
4715.000 26.513
4720.000 25.613
4725.000 25.185
4730.000 24.398
4735.000 24.028
4740.000 23.309
4745.000 22.662
4750.000 22.346
4755.000 21.748
4760.000 21.468
4765.000 20.943
4770.000 20.452
4775.000 20.209
4780.000 19.777
4785.000 19.563
4790.000 19.145
4795.000 18.794
4800.000 18.602
4805.000 18.272
4810.000 18.117
4815.000 17.817
4820.000 17.526
4825.000 17.398
4830.000 17.154
4835.000 17.029
4840.000 16.799
4845.000 16.596
4850.000 16.499
4855.000 16.312
4860.000 16.207
4865.000 16.072
4870.000 15.978
4875.000 15.823
4880.000 15.712
4885.000 15.624
4890.000 15.570
4895.000 15.527
4900.000 15.439
4905.000 15.396
4910.000 15.286
4915.000 15.312
4920.000 15.284
4925.000 15.251
4930.000 15.229
4935.000 15.241
4940.000 15.229
4945.000 15.247
4950.000 15.265
4955.000 15.292
4960.000 15.336
4965.000 15.389
4970.000 15.435
4975.000 15.516
4980.000 15.610
4985.000 15.659
4990.000 15.794
4995.000 15.872
5000.000 16.020
5005.000 16.192
5010.000 16.293
5015.000 16.500
5020.000 16.622
5025.000 16.858
5030.000 17.128
5035.000 17.281
5040.000 17.604
5045.000 17.775
5050.000 18.136
5055.000 18.567
5060.000 18.773
5065.000 19.258
5070.000 19.514
5075.000 20.064
5080.000 20.706
5085.000 21.042
5090.000 21.774
5095.000 22.159
5100.000 23.031
5105.000 24.013
5110.000 24.563
5115.000 25.751
5120.000 26.405
5125.000 27.849
5130.000 29.516
5135.000 30.464
5140.000 32.579
5145.000 33.751
5150.000 36.473
5155.000 39.954
5160.000 41.835
5165.000 46.304
5170.000 48.900
5175.000 55.031
5180.000 62.755
5185.000 67.340
5190.000 77.934
5195.000 83.909
5200.000 96.303
5205.000 105.555
5210.000 107.709
5215.000 103.622
5220.000 97.713
5225.000 82.725
5230.000 68.646
5235.000 62.700
5240.000 52.868
5245.000 48.848
5250.000 42.174
5255.000 36.925
5260.000 34.708
5265.000 30.925
5270.000 29.297
5275.000 26.418
5280.000 24.006
5285.000 22.957
5290.000 21.097
5295.000 20.238
5300.000 18.712
5305.000 17.399
5310.000 16.793
5315.000 15.684
5320.000 15.189
5325.000 14.251
5330.000 13.417
5335.000 13.031
5340.000 12.319
5345.000 11.992
5350.000 11.369
5355.000 10.817
5360.000 10.538
5365.000 10.047
5370.000 9.803
5375.000 9.371
5380.000 8.966
5385.000 8.753
5390.000 8.403
5395.000 8.249
5400.000 7.920
5405.000 7.608
5410.000 7.468
5415.000 7.195
5420.000 7.068
5425.000 6.817
5430.000 6.581
5435.000 6.471
5440.000 6.262
5445.000 6.154
5450.000 5.946
5455.000 5.850
5460.000 5.683
5465.000 5.501
5470.000 5.424
5475.000 5.272
5480.000 5.197
5485.000 5.049
5490.000 4.909
5495.000 4.850
5500.000 4.722
5505.000 4.660
5510.000 4.536
5515.000 4.425
5520.000 4.374
5525.000 4.266
5530.000 4.216
5535.000 4.122
5540.000 4.020
5545.000 3.980
5550.000 3.897
5555.000 3.854
5560.000 3.763
5565.000 3.683
5570.000 3.639
5575.000 3.574
5580.000 3.541
5585.000 3.466
5590.000 3.395
5595.000 3.375
5600.000 3.310
5605.000 3.270
5610.000 3.212
5615.000 3.161
5620.000 3.133
5625.000 3.081
5630.000 3.043
5635.000 2.993
5640.000 2.945
5645.000 2.927
5650.000 2.871
5655.000 2.867
5660.000 2.810
5665.000 2.777
5670.000 2.732
5675.000 2.713
5680.000 2.694
5685.000 2.648
5690.000 2.622
5695.000 2.601
5700.000 2.561
5705.000 2.546
5710.000 2.517
5715.000 2.483
5720.000 2.467
5725.000 2.439
5730.000 2.422
5735.000 2.391
5740.000 2.376
5745.000 2.350
5750.000 2.321
5755.000 2.314
5760.000 2.297
5765.000 2.267
5770.000 2.248
5775.000 2.238
5780.000 2.213
5785.000 2.196
5790.000 2.180
5795.000 2.160
5800.000 2.146
5805.000 2.139
5810.000 2.121
5815.000 2.100
5820.000 2.092
5825.000 2.068
5830.000 2.070
5835.000 2.049
5840.000 2.035
5845.000 2.023
5850.000 1.999
5855.000 2.013
5860.000 1.983
5865.000 1.983
5870.000 1.967
5875.000 1.951
5880.000 1.947
5885.000 1.945
5890.000 1.944
5895.000 1.921
5900.000 1.926
5905.000 1.917
5910.000 1.906
5915.000 1.887
5920.000 1.890
5925.000 1.876
5930.000 1.876
5935.000 1.863
5940.000 1.865
5945.000 1.856
5950.000 1.856
5955.000 1.842
5960.000 1.844
5965.000 1.838
5970.000 1.835
5975.000 1.828
5980.000 1.827
5985.000 1.808
5990.000 1.805
5995.000 1.810
6000.000 1.811
6005.000 1.804
6010.000 1.803
6015.000 1.801
6020.000 1.799
6025.000 1.803
6030.000 1.805
6035.000 1.796
6040.000 1.793
6045.000 1.790
6050.000 1.789
6055.000 1.792
6060.000 1.793
6065.000 1.790
6070.000 1.790
6075.000 1.790
6080.000 1.808
6085.000 1.800
6090.000 1.800
6095.000 1.792
6100.000 1.795
6105.000 1.802
6110.000 1.801
6115.000 1.799
6120.000 1.803
6125.000 1.805
6130.000 1.821
6135.000 1.814
6140.000 1.811
6145.000 1.823
6150.000 1.832
6155.000 1.838
6160.000 1.837
6165.000 1.844
6170.000 1.847
6175.000 1.840
6180.000 1.861
6185.000 1.860
6190.000 1.862
6195.000 1.879
6200.000 1.892
6205.000 1.879
6210.000 1.899
6215.000 1.912
6220.000 1.917
6225.000 1.931
6230.000 1.924
6235.000 1.939
6240.000 1.945
6245.000 1.958
6250.000 1.967
6255.000 1.979
6260.000 1.982
6265.000 1.998
6270.000 2.020
6275.000 2.017
6280.000 2.038
6285.000 2.041
6290.000 2.057
6295.000 2.070
6300.000 2.083
6305.000 2.092
6310.000 2.117
6315.000 2.114
6320.000 2.140
6325.000 2.155
6330.000 2.179
6335.000 2.190
6340.000 2.192
6345.000 2.219
6350.000 2.236
6355.000 2.264
6360.000 2.279
6365.000 2.290
6370.000 2.328
6375.000 2.325
6380.000 2.358
6385.000 2.382
6390.000 2.404
6395.000 2.427
6400.000 2.456
6405.000 2.485
6410.000 2.520
6415.000 2.531
6420.000 2.561
6425.000 2.587
6430.000 2.625
6435.000 2.666
6440.000 2.683
6445.000 2.726
6450.000 2.748
6455.000 2.790
6460.000 2.835
6465.000 2.860
6470.000 2.897
6475.000 2.927
6480.000 2.972
6485.000 3.036
6490.000 3.065
6495.000 3.113
6500.000 3.135
6505.000 3.200
6510.000 3.269
6515.000 3.306
6520.000 3.366
6525.000 3.409
6530.000 3.483
6535.000 3.554
6540.000 3.592
6545.000 3.671
6550.000 3.721
6555.000 3.800
6560.000 3.899
6565.000 3.939
6570.000 4.045
6575.000 4.091
6580.000 4.199
6585.000 4.325
6590.000 4.377
6595.000 4.506
6600.000 4.576
6605.000 4.710
6610.000 4.854
6615.000 4.938
6620.000 5.093
6625.000 5.169
6630.000 5.355
6635.000 5.539
6640.000 5.650
6645.000 5.859
6650.000 5.964
6655.000 6.201
6660.000 6.445
6665.000 6.591
6670.000 6.865
6675.000 7.020
6680.000 7.344
6685.000 7.687
6690.000 7.875
6695.000 8.270
6700.000 8.479
6705.000 8.952
6710.000 9.468
6715.000 9.748
6720.000 10.345
6725.000 10.679
6730.000 11.393
6735.000 12.204
6740.000 12.651
6745.000 13.662
6750.000 14.218
6755.000 15.469
6760.000 16.940
6765.000 17.777
6770.000 19.670
6775.000 20.770
6780.000 23.313
6785.000 26.456
6790.000 28.300
6795.000 32.722
6800.000 35.312
6805.000 41.483
6810.000 48.895
6815.000 52.892
6820.000 60.293
6825.000 62.917
6830.000 63.947
6835.000 58.702
6840.000 54.684
6845.000 46.485
6850.000 42.806
6855.000 36.647
6860.000 31.881
6865.000 29.868
6870.000 26.551
6875.000 25.163
6880.000 22.752
6885.000 20.799
6890.000 19.907
6895.000 18.438
6900.000 17.762
6905.000 16.605
6910.000 15.588
6915.000 15.147
6920.000 14.337
6925.000 13.956
6930.000 13.283
6935.000 12.679
6940.000 12.382
6945.000 11.883
6950.000 11.663
6955.000 11.228
6960.000 11.039
6965.000 10.659
6970.000 10.353
6975.000 10.185
6980.000 9.925
6985.000 9.782
6990.000 9.527
6995.000 9.315
7000.000 9.217
7005.000 9.022
7010.000 8.932
7015.000 8.757
7020.000 8.610
7025.000 8.541
7030.000 8.410
7035.000 8.335
7040.000 8.230
7045.000 8.135
7050.000 8.084
7055.000 8.002
7060.000 7.964
7065.000 7.889
7070.000 7.834
7075.000 7.799
7080.000 7.753
7085.000 7.737
7090.000 7.705
7095.000 7.668
7100.000 7.666
7105.000 7.639
7110.000 7.649
7115.000 7.652
7120.000 7.662
7125.000 7.666
7130.000 7.680
7135.000 7.688
7140.000 7.726
7145.000 7.773
7150.000 7.797
7155.000 7.861
7160.000 7.885
7165.000 7.955
7170.000 8.029
7175.000 8.077
7180.000 8.183
7185.000 8.240
7190.000 8.370
7195.000 8.494
7200.000 8.557
7205.000 8.729
7210.000 8.805
7215.000 8.986
7220.000 9.195
7225.000 9.306
7230.000 9.551
7235.000 9.699
7240.000 9.987
7245.000 10.288
7250.000 10.475
7255.000 10.842
7260.000 11.060
7265.000 11.488
7270.000 11.990
7275.000 12.270
7280.000 12.882
7285.000 13.187
7290.000 13.952
7295.000 14.824
7300.000 15.303
7305.000 16.392
7310.000 17.014
7315.000 18.400
7320.000 20.074
7325.000 21.034
7330.000 23.256
7335.000 24.558
7340.000 27.573
7345.000 31.262
7350.000 33.379
7355.000 38.048
7360.000 40.494
7365.000 44.982
7370.000 47.503
7375.000 47.443
7380.000 44.359
7385.000 41.756
7390.000 35.823
7395.000 30.404
7400.000 28.037
7405.000 24.079
7410.000 22.393
7415.000 19.569
7420.000 17.300
7425.000 16.326
7430.000 14.643
7435.000 13.925
7440.000 12.640
7445.000 11.545
7450.000 11.056
7455.000 10.193
7460.000 9.809
7465.000 9.106
7470.000 8.491
7475.000 8.204
7480.000 7.686
7485.000 7.454
7490.000 7.023
7495.000 6.622
7500.000 6.443
7505.000 6.098
7510.000 5.947
7515.000 5.649
7520.000 5.388
7525.000 5.252
7530.000 5.002
7535.000 4.897
7540.000 4.692
7545.000 4.594
7550.000 4.413
7555.000 4.231
7560.000 4.154
7565.000 3.996
7570.000 3.908
7575.000 3.784
7580.000 3.648
7585.000 3.594
7590.000 3.469
7595.000 3.411
7600.000 3.303
7605.000 3.198
7610.000 3.161
7615.000 3.066
7620.000 3.014
7625.000 2.943
7630.000 2.870
7635.000 2.818
7640.000 2.762
7645.000 2.714
7650.000 2.649
7655.000 2.594
7660.000 2.562
7665.000 2.499
7670.000 2.474
7675.000 2.421
7680.000 2.370
7685.000 2.340
7690.000 2.289
7695.000 2.253
7700.000 2.218
7705.000 2.172
7710.000 2.154
7715.000 2.111
7720.000 2.097
7725.000 2.046
7730.000 2.002
7735.000 1.992
7740.000 1.960
7745.000 1.930
7750.000 1.901
7755.000 1.872
7760.000 1.855
7765.000 1.826
7770.000 1.804
7775.000 1.780
7780.000 1.753
7785.000 1.734
7790.000 1.708
7795.000 1.687
7800.000 1.675
7805.000 1.654
7810.000 1.638
7815.000 1.609
7820.000 1.608
7825.000 1.578
7830.000 1.567
7835.000 1.554
7840.000 1.544
7845.000 1.521
7850.000 1.516
7855.000 1.493
7860.000 1.495
7865.000 1.457
7870.000 1.458
7875.000 1.448
7880.000 1.433
7885.000 1.418
7890.000 1.404
7895.000 1.404
7900.000 1.380
7905.000 1.367
7910.000 1.368
7915.000 1.357
7920.000 1.346
7925.000 1.325
7930.000 1.323
7935.000 1.322
7940.000 1.317
7945.000 1.307
7950.000 1.295
7955.000 1.284
7960.000 1.281
7965.000 1.271
7970.000 1.262
7975.000 1.259
7980.000 1.244
7985.000 1.249
7990.000 1.248
7995.000 1.243
8000.000 1.233
8005.000 1.218
8010.000 1.224
8015.000 1.215
8020.000 1.214
8025.000 1.201
8030.000 1.191
8035.000 1.181
8040.000 1.175
8045.000 1.168
8050.000 1.162
8055.000 1.161
8060.000 1.152
8065.000 1.146
8070.000 1.148
8075.000 1.138
8080.000 1.144
8085.000 1.135
8090.000 1.137
8095.000 1.139
8100.000 1.134
8105.000 1.132
8110.000 1.128
8115.000 1.128
8120.000 1.115
8125.000 1.115
8130.000 1.111
8135.000 1.122
8140.000 1.109
8145.000 1.114
8150.000 1.107
8155.000 1.106
8160.000 1.099
8165.000 1.099
8170.000 1.098
8175.000 1.099
8180.000 1.087
8185.000 1.099
8190.000 1.100
8195.000 1.093
8200.000 1.100
8205.000 1.092
8210.000 1.092
8215.000 1.092
8220.000 1.089
8225.000 1.091
8230.000 1.086
8235.000 1.082
8240.000 1.090
8245.000 1.104
8250.000 1.093
8255.000 1.087
8260.000 1.086
8265.000 1.087
8270.000 1.094
8275.000 1.081
8280.000 1.093
8285.000 1.088
8290.000 1.085
8295.000 1.092
8300.000 1.088
8305.000 1.091
8310.000 1.095
8315.000 1.090
8320.000 1.099
8325.000 1.096
8330.000 1.104
8335.000 1.094
8340.000 1.092
8345.000 1.098
8350.000 1.102
8355.000 1.105
8360.000 1.104
8365.000 1.110
8370.000 1.111
8375.000 1.119
8380.000 1.122
8385.000 1.118
8390.000 1.114
8395.000 1.123
8400.000 1.125
8405.000 1.125
8410.000 1.122
8415.000 1.132
8420.000 1.139
8425.000 1.143
8430.000 1.137
8435.000 1.142
8440.000 1.159
8445.000 1.155
8450.000 1.155
8455.000 1.162
8460.000 1.163
8465.000 1.172
8470.000 1.176
8475.000 1.181
8480.000 1.189
8485.000 1.184
8490.000 1.194
8495.000 1.196
8500.000 1.213
8505.000 1.206
8510.000 1.218
8515.000 1.233
8520.000 1.234
8525.000 1.247
8530.000 1.236
8535.000 1.248
8540.000 1.265
8545.000 1.271
8550.000 1.269
8555.000 1.282
8560.000 1.296
8565.000 1.293
8570.000 1.296
8575.000 1.315
8580.000 1.325
8585.000 1.320
8590.000 1.345
8595.000 1.348
8600.000 1.355
8605.000 1.356
8610.000 1.373
8615.000 1.389
8620.000 1.392
8625.000 1.411
8630.000 1.410
8635.000 1.440
8640.000 1.450
8645.000 1.449
8650.000 1.469
8655.000 1.486
8660.000 1.492
8665.000 1.510
8670.000 1.523
8675.000 1.543
8680.000 1.546
8685.000 1.567
8690.000 1.594
8695.000 1.604
8700.000 1.618
8705.000 1.632
8710.000 1.653
8715.000 1.687
8720.000 1.696
8725.000 1.721
8730.000 1.739
8735.000 1.761
8740.000 1.780
8745.000 1.806
8750.000 1.840
8755.000 1.844
8760.000 1.883
8765.000 1.899
8770.000 1.935
8775.000 1.973
8780.000 1.989
8785.000 2.030
8790.000 2.045
8795.000 2.097
8800.000 2.145
8805.000 2.164
8810.000 2.210
8815.000 2.237
8820.000 2.282
8825.000 2.345
8830.000 2.370
8835.000 2.425
8840.000 2.453
8845.000 2.512
8850.000 2.587
8855.000 2.621
8860.000 2.699
8865.000 2.725
8870.000 2.815
8875.000 2.893
8880.000 2.950
8885.000 3.035
8890.000 3.090
8895.000 3.192
8900.000 3.307
8905.000 3.370
8910.000 3.493
8915.000 3.563
8920.000 3.698
8925.000 3.859
8930.000 3.935
8935.000 4.113
8940.000 4.203
8945.000 4.410
8950.000 4.618
8955.000 4.737
8960.000 4.983
8965.000 5.110
8970.000 5.409
8975.000 5.738
8980.000 5.917
8985.000 6.316
8990.000 6.536
8995.000 6.991
9000.000 7.531
9005.000 7.843
9010.000 8.508
9015.000 8.881
9020.000 9.795
9025.000 10.814
9030.000 11.389
9035.000 12.739
9040.000 13.519
9045.000 15.326
9050.000 17.514
9055.000 18.794
9060.000 21.636
9065.000 23.216
9070.000 26.365
9075.000 28.928
9080.000 29.661
9085.000 29.446
9090.000 28.534
9095.000 25.667
9100.000 22.464
9105.000 20.959
9110.000 18.335
9115.000 17.204
9120.000 15.282
9125.000 13.720
9130.000 13.049
9135.000 11.886
9140.000 11.385
9145.000 10.502
9150.000 9.766
9155.000 9.427
9160.000 8.836
9165.000 8.589
9170.000 8.102
9175.000 7.695
9180.000 7.498
9185.000 7.164
9190.000 6.993
9195.000 6.708
9200.000 6.469
9205.000 6.351
9210.000 6.131
9215.000 6.045
9220.000 5.859
9225.000 5.706
9230.000 5.629
9235.000 5.493
9240.000 5.439
9245.000 5.335
9250.000 5.243
9255.000 5.195
9260.000 5.131
9265.000 5.101
9270.000 5.062
9275.000 5.022
9280.000 5.004
9285.000 4.946
9290.000 4.914
9295.000 4.833
9300.000 4.756
9305.000 4.723
9310.000 4.659
9315.000 4.635
9320.000 4.606
9325.000 4.591
9330.000 4.563
9335.000 4.558
9340.000 4.557
9345.000 4.555
9350.000 4.563
9355.000 4.585
9360.000 4.590
9365.000 4.617
9370.000 4.644
9375.000 4.668
9380.000 4.718
9385.000 4.768
9390.000 4.796
9395.000 4.867
9400.000 4.898
9405.000 4.972
9410.000 5.060
9415.000 5.105
9420.000 5.210
9425.000 5.264
9430.000 5.371
9435.000 5.490
9440.000 5.557
9445.000 5.698
9450.000 5.773
9455.000 5.947
9460.000 6.150
9465.000 6.257
9470.000 6.521
9475.000 6.665
9480.000 6.976
9485.000 7.345
9490.000 7.542
9495.000 7.973
9500.000 8.220
9505.000 8.784
9510.000 9.423
9515.000 9.777
9520.000 10.586
9525.000 11.037
9530.000 12.069
9535.000 13.271
9540.000 13.954
9545.000 15.448
9550.000 16.285
9555.000 18.029
9560.000 19.723
9565.000 20.453
9570.000 21.456
9575.000 21.592
9580.000 21.054
9585.000 19.552
9590.000 18.601
9595.000 16.561
9600.000 15.569
9605.000 13.762
9610.000 12.196
9615.000 11.428
9620.000 10.240
9625.000 9.714
9630.000 8.806
9635.000 8.399
9640.000 7.668
9645.000 7.061
9650.000 6.786
9655.000 6.286
9660.000 6.062
9665.000 5.659
9670.000 5.294
9675.000 5.135
9680.000 4.831
9685.000 4.696
9690.000 4.433
9695.000 4.205
9700.000 4.107
9705.000 3.904
9710.000 3.806
9715.000 3.634
9720.000 3.474
9725.000 3.395
9730.000 3.259
9735.000 3.194
9740.000 3.075
9745.000 2.958
9750.000 2.900
9755.000 2.797
9760.000 2.748
9765.000 2.659
9770.000 2.565
9775.000 2.531
9780.000 2.449
9785.000 2.408
9790.000 2.345
9795.000 2.274
9800.000 2.237
9805.000 2.182
9810.000 2.149
9815.000 2.091
9820.000 2.039
9825.000 2.014
9830.000 1.961
9835.000 1.940
9840.000 1.896
9845.000 1.854
9850.000 1.829
9855.000 1.796
9860.000 1.778
9865.000 1.737
9870.000 1.706
9875.000 1.677
9880.000 1.647
9885.000 1.638
9890.000 1.606
9895.000 1.582
9900.000 1.557
9905.000 1.535
9910.000 1.525
9915.000 1.498
9920.000 1.468
9925.000 1.455
9930.000 1.436
9935.000 1.414
9940.000 1.397
9945.000 1.373
9950.000 1.360
9955.000 1.336
9960.000 1.338
9965.000 1.312
9970.000 1.288
9975.000 1.280
9980.000 1.264
9985.000 1.268
9990.000 1.247
9995.000 1.230
10000.000 1.215
10005.000 1.204
10010.000 1.193
10015.000 1.182
10020.000 1.166
10025.000 1.160
10030.000 1.147
10035.000 1.140
10040.000 1.134
10045.000 1.122
10050.000 1.115
10055.000 1.096
10060.000 1.102
10065.000 1.083
10070.000 1.079
10075.000 1.074
10080.000 1.058
10085.000 1.057
10090.000 1.053
10095.000 1.047
10100.000 1.036
10105.000 1.031
10110.000 1.032
10115.000 1.013
10120.000 1.012
10125.000 1.009
10130.000 1.003
10135.000 0.997
10140.000 1.001
10145.000 0.991
10150.000 0.981
10155.000 0.973
10160.000 0.967
10165.000 0.967
10170.000 0.955
10175.000 0.957
10180.000 0.952
10185.000 0.950
10190.000 0.953
10195.000 0.939
10200.000 0.935
10205.000 0.928
10210.000 0.926
10215.000 0.921
10220.000 0.923
10225.000 0.918
10230.000 0.923
10235.000 0.913
10240.000 0.913
10245.000 0.909
10250.000 0.902
10255.000 0.902
10260.000 0.902
10265.000 0.894
10270.000 0.893
10275.000 0.888
10280.000 0.889
10285.000 0.885
10290.000 0.885
10295.000 0.887
10300.000 0.878
10305.000 0.874
10310.000 0.871
10315.000 0.874
10320.000 0.861
10325.000 0.865
10330.000 0.860
10335.000 0.867
10340.000 0.864
10345.000 0.865
10350.000 0.858
10355.000 0.856
10360.000 0.858
10365.000 0.848
10370.000 0.858
10375.000 0.860
10380.000 0.848
10385.000 0.852
10390.000 0.845
10395.000 0.851
10400.000 0.840
10405.000 0.850
10410.000 0.840
10415.000 0.842
10420.000 0.846
10425.000 0.851
10430.000 0.842
10435.000 0.837
10440.000 0.845
10445.000 0.838
10450.000 0.840
10455.000 0.837
10460.000 0.840
10465.000 0.837
10470.000 0.826
10475.000 0.843
10480.000 0.842
10485.000 0.827
10490.000 0.836
10495.000 0.839
10500.000 0.843
10505.000 0.837
10510.000 0.832
10515.000 0.839
10520.000 0.834
10525.000 0.837
10530.000 0.836
10535.000 0.833
10540.000 0.839
10545.000 0.836
10550.000 0.835
10555.000 0.829
10560.000 0.828
10565.000 0.831
10570.000 0.828
10575.000 0.827
10580.000 0.837
10585.000 0.831
10590.000 0.831
10595.000 0.827
10600.000 0.844
10605.000 0.861
10610.000 0.871
10615.000 0.885
10620.000 0.886
10625.000 0.897
10630.000 0.903
10635.000 0.905
10640.000 0.904
10645.000 0.898
10650.000 0.914
10655.000 0.913
10660.000 0.909
10665.000 0.909
10670.000 0.906
10675.000 0.918
10680.000 0.921
10685.000 0.928
10690.000 0.924
10695.000 0.929
10700.000 0.934
10705.000 0.941
10710.000 0.933
10715.000 0.949
10720.000 0.957
10725.000 0.961
10730.000 0.963
10735.000 0.973
10740.000 0.980
10745.000 0.984
10750.000 0.991
10755.000 0.997
10760.000 1.004
10765.000 1.007
10770.000 1.005
10775.000 0.995
10780.000 0.976
10785.000 0.963
10790.000 0.954
10795.000 0.955
10800.000 0.945
10805.000 0.953
10810.000 0.956
10815.000 0.960
10820.000 0.970
10825.000 0.974
10830.000 0.978
10835.000 0.989
10840.000 0.992
10845.000 1.004
10850.000 1.014
10855.000 1.004
10860.000 1.014
10865.000 1.034
10870.000 1.039
10875.000 1.047
10880.000 1.050
10885.000 1.056
10890.000 1.077
10895.000 1.077
10900.000 1.095
10905.000 1.098
10910.000 1.106
10915.000 1.121
10920.000 1.118
10925.000 1.133
10930.000 1.149
10935.000 1.155
10940.000 1.170
10945.000 1.183
10950.000 1.195
10955.000 1.192
10960.000 1.215
10965.000 1.232
10970.000 1.241
10975.000 1.260
10980.000 1.263
10985.000 1.285
10990.000 1.299
10995.000 1.308
11000.000 1.333
11005.000 1.345
11010.000 1.369
11015.000 1.400
11020.000 1.403
11025.000 1.425
11030.000 1.440
11035.000 1.464
11040.000 1.490
11045.000 1.501
11050.000 1.536
11055.000 1.551
11060.000 1.588
11065.000 1.618
11070.000 1.635
11075.000 1.671
11080.000 1.690
11085.000 1.727
11090.000 1.777
11095.000 1.794
11100.000 1.844
11105.000 1.877
11110.000 1.922
11115.000 1.974
11120.000 2.010
11125.000 2.065
11130.000 2.090
11135.000 2.166
11140.000 2.237
11145.000 2.273
11150.000 2.350
11155.000 2.400
11160.000 2.487
11165.000 2.586
11170.000 2.632
11175.000 2.740
11180.000 2.802
11185.000 2.929
11190.000 3.073
11195.000 3.143
11200.000 3.297
11205.000 3.385
11210.000 3.568
11215.000 3.787
11220.000 3.891
11225.000 4.135
11230.000 4.274
11235.000 4.569
11240.000 4.912
11245.000 5.093
11250.000 5.515
11255.000 5.758
11260.000 6.287
11265.000 6.911
11270.000 7.259
11275.000 8.068
11280.000 8.538
11285.000 9.610
11290.000 10.867
11295.000 11.581
11300.000 13.160
11305.000 13.987
11310.000 15.606
11315.000 16.819
11320.000 17.135
11325.000 16.977
11330.000 16.515
11335.000 15.072
11340.000 13.394
11345.000 12.596
11350.000 11.137
11355.000 10.496
11360.000 9.371
11365.000 8.458
11370.000 8.065
11375.000 7.358
11380.000 7.056
11385.000 6.515
11390.000 6.058
11395.000 5.828
11400.000 5.470
11405.000 5.302
11410.000 5.022
11415.000 4.883
11420.000 4.644
11425.000 4.444
11430.000 4.338
11435.000 4.171
11440.000 4.086
11445.000 3.930
11450.000 3.800
11455.000 3.745
11460.000 3.624
11465.000 3.573
11470.000 3.483
11475.000 3.401
11480.000 3.358
11485.000 3.284
11490.000 3.242
11495.000 3.186
11500.000 3.127
11505.000 3.103
11510.000 3.053
11515.000 3.039
11520.000 3.005
11525.000 2.968
11530.000 2.957
11535.000 2.930
11540.000 2.918
11545.000 2.902
11550.000 2.895
11555.000 2.883
11560.000 2.869
11565.000 2.872
11570.000 2.876
11575.000 2.870
11580.000 2.875
11585.000 2.897
11590.000 2.902
11595.000 2.922
11600.000 2.939
11605.000 2.954
11610.000 2.984
11615.000 3.004
11620.000 3.038
11625.000 3.086
11630.000 3.105
11635.000 3.162
11640.000 3.192
11645.000 3.256
11650.000 3.325
11655.000 3.365
11660.000 3.450
11665.000 3.498
11670.000 3.607
11675.000 3.724
11680.000 3.784
11685.000 3.926
11690.000 3.997
11695.000 4.170
11700.000 4.370
11705.000 4.469
11710.000 4.696
11715.000 4.822
11720.000 5.108
11725.000 5.430
11730.000 5.612
11735.000 6.010
11740.000 6.239
11745.000 6.752
11750.000 7.353
11755.000 7.697
11760.000 8.460
11765.000 8.882
11770.000 9.844
11775.000 10.911
11780.000 11.467
11785.000 12.531
11790.000 12.988
11795.000 13.613
11800.000 13.625
11805.000 13.360
11810.000 12.439
11815.000 11.837
11820.000 10.561
11825.000 9.354
11830.000 8.799
11835.000 7.822
11840.000 7.392
11845.000 6.622
11850.000 5.982
11855.000 5.703
11860.000 5.197
11865.000 4.985
11870.000 4.589
11875.000 4.254
11880.000 4.106
11885.000 3.819
11890.000 3.698
11895.000 3.467
11900.000 3.263
11905.000 3.177
11910.000 3.004
11915.000 2.921
11920.000 2.777
11925.000 2.648
11930.000 2.589
11935.000 2.470
11940.000 2.412
11945.000 2.313
11950.000 2.221
11955.000 2.180
11960.000 2.096
11965.000 2.059
11970.000 1.983
11975.000 1.925
11980.000 1.892
11985.000 1.833
11990.000 1.805
11995.000 1.750
12000.000 1.720
12005.000 1.676
12010.000 1.623
12015.000 1.605
12020.000 1.562
12025.000 1.539
12030.000 1.509
12035.000 1.469
12040.000 1.453
12045.000 1.418
12050.000 1.401
12055.000 1.376
12060.000 1.351
12065.000 1.337
12070.000 1.311
12075.000 1.292
12080.000 1.275
12085.000 1.247
12090.000 1.231
12095.000 1.210
12100.000 1.211
12105.000 1.195
12110.000 1.173
12115.000 1.156
12120.000 1.142
12125.000 1.131
12130.000 1.116
12135.000 1.103
12140.000 1.088
12145.000 1.076
12150.000 1.069
12155.000 1.054
12160.000 1.039
12165.000 1.030
12170.000 1.026
12175.000 1.028
12180.000 1.009
12185.000 0.996
12190.000 0.994
12195.000 0.983
12200.000 0.977
12205.000 0.968
12210.000 0.961
12215.000 0.965
12220.000 0.960
12225.000 0.949
12230.000 0.940
12235.000 0.939
12240.000 0.935
12245.000 0.921
12250.000 0.919
12255.000 0.910
12260.000 0.898
12265.000 0.892
12270.000 0.887
12275.000 0.887
12280.000 0.874
12285.000 0.878
12290.000 0.865
12295.000 0.860
12300.000 0.860
12305.000 0.850
12310.000 0.851
12315.000 0.845
12320.000 0.839
12325.000 0.845
12330.000 0.836
12335.000 0.831
12340.000 0.833
12345.000 0.827
12350.000 0.827
12355.000 0.822
12360.000 0.814
12365.000 0.814
12370.000 0.818
12375.000 0.807
12380.000 0.791
12385.000 0.788
12390.000 0.784
12395.000 0.772
12400.000 0.765
12405.000 0.755
12410.000 0.763
12415.000 0.755
12420.000 0.757
12425.000 0.752
12430.000 0.753
12435.000 0.748
12440.000 0.746
12445.000 0.748
12450.000 0.742
12455.000 0.740
12460.000 0.742
12465.000 0.735
12470.000 0.738
12475.000 0.745
12480.000 0.739
12485.000 0.742
12490.000 0.736
12495.000 0.733
12500.000 0.737
12505.000 0.731
12510.000 0.730
12515.000 0.734
12520.000 0.729
12525.000 0.728
12530.000 0.725
12535.000 0.723
12540.000 0.720
12545.000 0.717
12550.000 0.724
12555.000 0.724
12560.000 0.722
12565.000 0.720
12570.000 0.723
12575.000 0.725
12580.000 0.713
12585.000 0.720
12590.000 0.713
12595.000 0.711
12600.000 0.708
12605.000 0.716
12610.000 0.713
12615.000 0.712
12620.000 0.713
12625.000 0.714
12630.000 0.706
12635.000 0.716
12640.000 0.721
12645.000 0.714
12650.000 0.712
12655.000 0.716
12660.000 0.714
12665.000 0.712
12670.000 0.716
12675.000 0.719
12680.000 0.714
12685.000 0.712
12690.000 0.708
12695.000 0.711
12700.000 0.717
12705.000 0.712
12710.000 0.716
12715.000 0.714
12720.000 0.712
12725.000 0.719
12730.000 0.718
12735.000 0.723
12740.000 0.716
12745.000 0.720
12750.000 0.717
12755.000 0.720
12760.000 0.715
12765.000 0.716
12770.000 0.717
12775.000 0.716
12780.000 0.725
12785.000 0.721
12790.000 0.728
12795.000 0.724
12800.000 0.729
12805.000 0.726
12810.000 0.728
12815.000 0.734
12820.000 0.728
12825.000 0.734
12830.000 0.740
12835.000 0.732
12840.000 0.734
12845.000 0.739
12850.000 0.741
12855.000 0.742
12860.000 0.745
12865.000 0.747
12870.000 0.751
12875.000 0.747
12880.000 0.756
12885.000 0.751
12890.000 0.757
12895.000 0.753
12900.000 0.758
12905.000 0.766
12910.000 0.765
12915.000 0.760
12920.000 0.767
12925.000 0.771
12930.000 0.776
12935.000 0.772
12940.000 0.777
12945.000 0.782
12950.000 0.785
12955.000 0.783
12960.000 0.789
12965.000 0.786
12970.000 0.798
12975.000 0.804
12980.000 0.811
12985.000 0.804
12990.000 0.812
12995.000 0.808
13000.000 0.820
13005.000 0.827
13010.000 0.828
13015.000 0.834
13020.000 0.834
13025.000 0.843
13030.000 0.847
13035.000 0.850
13040.000 0.858
13045.000 0.859
13050.000 0.865
13055.000 0.866
13060.000 0.872
13065.000 0.878
13070.000 0.887
13075.000 0.894
13080.000 0.895
13085.000 0.906
13090.000 0.913
13095.000 0.917
13100.000 0.926
13105.000 0.933
13110.000 0.936
13115.000 0.952
13120.000 0.954
13125.000 0.966
13130.000 0.971
13135.000 0.984
13140.000 0.990
13145.000 0.995
13150.000 1.006
13155.000 1.020
13160.000 1.023
13165.000 1.040
13170.000 1.039
13175.000 1.060
13180.000 1.076
13185.000 1.083
13190.000 1.094
13195.000 1.110
13200.000 1.119
13205.000 1.136
13210.000 1.155
13215.000 1.167
13220.000 1.175
13225.000 1.198
13230.000 1.215
13235.000 1.238
13240.000 1.248
13245.000 1.261
13250.000 1.290
13255.000 1.323
13260.000 1.331
13265.000 1.360
13270.000 1.376
13275.000 1.407
13280.000 1.436
13285.000 1.456
13290.000 1.497
13295.000 1.513
13300.000 1.544
13305.000 1.592
13310.000 1.614
13315.000 1.656
13320.000 1.685
13325.000 1.732
13330.000 1.783
13335.000 1.817
13340.000 1.880
13345.000 1.915
13350.000 1.976
13355.000 2.057
13360.000 2.086
13365.000 2.169
13370.000 2.221
13375.000 2.312
13380.000 2.416
13385.000 2.476
13390.000 2.593
13395.000 2.657
13400.000 2.798
13405.000 2.950
13410.000 3.027
13415.000 3.209
13420.000 3.300
13425.000 3.518
13430.000 3.748
13435.000 3.888
13440.000 4.160
13445.000 4.308
13450.000 4.644
13455.000 5.019
13460.000 5.226
13465.000 5.651
13470.000 5.885
13475.000 6.380
13480.000 6.617
13485.000 7.087
13490.000 7.494
13495.000 7.651
13500.000 7.863
13505.000 7.894
13510.000 7.823
13515.000 7.570
13520.000 7.396
13525.000 6.977
13530.000 6.750
13535.000 6.283
13540.000 5.830
13545.000 5.615
13550.000 5.208
13555.000 5.019
13560.000 4.676
13565.000 4.378
13570.000 4.232
13575.000 3.976
13580.000 3.859
13585.000 3.651
13590.000 3.455
13595.000 3.371
13600.000 3.207
13605.000 3.130
13610.000 3.007
13615.000 2.877
13620.000 2.820
13625.000 2.718
13630.000 2.663
13635.000 2.583
13640.000 2.500
13645.000 2.460
13650.000 2.387
13655.000 2.354
13660.000 2.290
13665.000 2.238
13670.000 2.213
13675.000 2.167
13680.000 2.145
13685.000 2.105
13690.000 2.071
13695.000 2.046
13700.000 2.018
13705.000 2.004
13710.000 1.982
13715.000 1.953
13720.000 1.946
13725.000 1.927
13730.000 1.925
13735.000 1.901
13740.000 1.891
13745.000 1.894
13750.000 1.881
13755.000 1.879
13760.000 1.877
13765.000 1.875
13770.000 1.874
13775.000 1.875
13780.000 1.878
13785.000 1.883
13790.000 1.892
13795.000 1.899
13800.000 1.919
13805.000 1.919
13810.000 1.935
13815.000 1.957
13820.000 1.959
13825.000 1.993
13830.000 2.007
13835.000 2.038
13840.000 2.067
13845.000 2.087
13850.000 2.120
13855.000 2.141
13860.000 2.181
13865.000 2.239
13870.000 2.269
13875.000 2.324
13880.000 2.354
13885.000 2.416
13890.000 2.495
13895.000 2.529
13900.000 2.622
13905.000 2.662
13910.000 2.765
13915.000 2.862
13920.000 2.931
13925.000 3.053
13930.000 3.129
13935.000 3.280
13940.000 3.442
13945.000 3.537
13950.000 3.737
13955.000 3.840
13960.000 4.071
13965.000 4.331
13970.000 4.475
13975.000 4.779
13980.000 4.938
13985.000 5.293
13990.000 5.664
13995.000 5.846
14000.000 6.215
14005.000 6.383
14010.000 6.662
14015.000 6.852
14020.000 6.904
14025.000 6.927
14030.000 6.909
14035.000 6.781
14040.000 6.562
14045.000 6.432
14050.000 6.115
14055.000 5.934
14060.000 5.576
14065.000 5.212
14070.000 5.022
14075.000 4.691
14080.000 4.537
14085.000 4.243
14090.000 4.110
14095.000 3.860
14100.000 3.630
14105.000 3.521
14110.000 3.334
14115.000 3.236
14120.000 3.070
14125.000 2.921
14130.000 2.852
14135.000 2.723
14140.000 2.651
14145.000 2.543
14150.000 2.435
14155.000 2.389
14160.000 2.299
14165.000 2.249
14170.000 2.161
14175.000 2.091
14180.000 2.050
14185.000 1.981
14190.000 1.950
14195.000 1.888
14200.000 1.827
14205.000 1.800
14210.000 1.745
14215.000 1.730
14220.000 1.678
14225.000 1.641
14230.000 1.617
14235.000 1.576
14240.000 1.556
14245.000 1.520
14250.000 1.484
14255.000 1.473
14260.000 1.447
14265.000 1.429
14270.000 1.401
14275.000 1.375
14280.000 1.356
14285.000 1.338
14290.000 1.322
14295.000 1.302
14300.000 1.276
14305.000 1.274
14310.000 1.244
14315.000 1.238
14320.000 1.215
14325.000 1.205
14330.000 1.195
14335.000 1.174
14340.000 1.164
14345.000 1.147
14350.000 1.142
14355.000 1.132
14360.000 1.110
14365.000 1.108
14370.000 1.090
14375.000 1.080
14380.000 1.076
14385.000 1.065
14390.000 1.060
14395.000 1.049
14400.000 1.032
14405.000 1.031
14410.000 1.027
14415.000 1.018
14420.000 1.008
14425.000 1.002
14430.000 0.988
14435.000 0.983
14440.000 0.978
14445.000 0.970
14450.000 0.959
14455.000 0.960
14460.000 0.958
14465.000 0.956
14470.000 0.940
14475.000 0.928
14480.000 0.926
14485.000 0.922
14490.000 0.915
14495.000 0.911
14500.000 0.907
14505.000 0.903
14510.000 0.898
14515.000 0.898
14520.000 0.891
14525.000 0.882
14530.000 0.878
14535.000 0.874
14540.000 0.871
14545.000 0.862
14550.000 0.859
14555.000 0.857
14560.000 0.851
14565.000 0.848
14570.000 0.846
14575.000 0.840
14580.000 0.835
14585.000 0.833
14590.000 0.835
14595.000 0.824
14600.000 0.826
14605.000 0.822
14610.000 0.815
14615.000 0.815
14620.000 0.812
14625.000 0.806
14630.000 0.810
14635.000 0.798
14640.000 0.803
14645.000 0.798
14650.000 0.797
14655.000 0.793
14660.000 0.786
14665.000 0.788
14670.000 0.790
14675.000 0.789
14680.000 0.780
14685.000 0.774
14690.000 0.776
14695.000 0.767
14700.000 0.769
14705.000 0.769
14710.000 0.767
14715.000 0.760
14720.000 0.761
14725.000 0.757
14730.000 0.756
14735.000 0.755
14740.000 0.758
14745.000 0.754
14750.000 0.743
14755.000 0.753
14760.000 0.748
14765.000 0.749
14770.000 0.748
14775.000 0.740
14780.000 0.741
14785.000 0.741
14790.000 0.738
14795.000 0.732
14800.000 0.736
14805.000 0.737
14810.000 0.740
14815.000 0.733
14820.000 0.732
14825.000 0.730
14830.000 0.728
14835.000 0.727
14840.000 0.726
14845.000 0.726
14850.000 0.722
14855.000 0.732
14860.000 0.730
14865.000 0.731
14870.000 0.725
14875.000 0.728
14880.000 0.729
14885.000 0.723
14890.000 0.729
14895.000 0.728
14900.000 0.729
14905.000 0.729
14910.000 0.728
14915.000 0.723
14920.000 0.727
14925.000 0.725
14930.000 0.735
14935.000 0.728
14940.000 0.736
14945.000 0.732
14950.000 0.728
14955.000 0.739
14960.000 0.731
14965.000 0.742
14970.000 0.738
14975.000 0.735
14980.000 0.740
14985.000 0.740
14990.000 0.741
14995.000 0.743
15000.000 0.743
15005.000 0.752
15010.000 0.747
15015.000 0.751
15020.000 0.759
15025.000 0.751
15030.000 0.753
15035.000 0.764
15040.000 0.766
15045.000 0.771
15050.000 0.763
15055.000 0.777
15060.000 0.779
15065.000 0.782
15070.000 0.788
15075.000 0.789
15080.000 0.796
15085.000 0.800
15090.000 0.802
15095.000 0.809
15100.000 0.809
15105.000 0.816
15110.000 0.823
15115.000 0.828
15120.000 0.838
15125.000 0.834
15130.000 0.844
15135.000 0.857
15140.000 0.859
15145.000 0.866
15150.000 0.874
15155.000 0.876
15160.000 0.890
15165.000 0.900
15170.000 0.907
15175.000 0.913
15180.000 0.926
15185.000 0.935
15190.000 0.943
15195.000 0.953
15200.000 0.960
15205.000 0.976
15210.000 0.991
15215.000 1.000
15220.000 1.011
15225.000 1.018
15230.000 1.043
15235.000 1.053
15240.000 1.071
15245.000 1.088
15250.000 1.104
15255.000 1.124
15260.000 1.139
15265.000 1.157
15270.000 1.185
15275.000 1.199
15280.000 1.232
15285.000 1.242
15290.000 1.281
15295.000 1.312
15300.000 1.328
15305.000 1.370
15310.000 1.394
15315.000 1.436
15320.000 1.480
15325.000 1.515
15330.000 1.563
15335.000 1.586
15340.000 1.655
15345.000 1.716
15350.000 1.756
15355.000 1.837
15360.000 1.876
15365.000 1.968
15370.000 2.072
15375.000 2.117
15380.000 2.233
15385.000 2.301
15390.000 2.432
15395.000 2.582
15400.000 2.664
15405.000 2.839
15410.000 2.926
15415.000 3.125
15420.000 3.335
15425.000 3.440
15430.000 3.655
15435.000 3.759
15440.000 3.942
15445.000 4.089
15450.000 4.142
15455.000 4.188
15460.000 4.170
15465.000 4.091
15470.000 3.923
15475.000 3.824
15480.000 3.599
15485.000 3.482
15490.000 3.234
15495.000 2.996
15500.000 2.883
15505.000 2.660
15510.000 2.566
15515.000 2.377
15520.000 2.207
15525.000 2.131
15530.000 1.991
15535.000 1.931
15540.000 1.806
15545.000 1.698
15550.000 1.644
15555.000 1.559
15560.000 1.511
15565.000 1.443
15570.000 1.359
15575.000 1.326
15580.000 1.267
15585.000 1.239
15590.000 1.188
15595.000 1.138
15600.000 1.115
15605.000 1.066
15610.000 1.050
15615.000 1.009
15620.000 0.981
15625.000 0.964
15630.000 0.933
15635.000 0.919
15640.000 0.891
15645.000 0.868
15650.000 0.853
15655.000 0.832
15660.000 0.820
15665.000 0.799
15670.000 0.784
15675.000 0.782
15680.000 0.756
15685.000 0.748
15690.000 0.733
15695.000 0.722
15700.000 0.719
15705.000 0.701
15710.000 0.696
15715.000 0.685
15720.000 0.676
15725.000 0.673
15730.000 0.663
15735.000 0.661
15740.000 0.653
15745.000 0.647
15750.000 0.648
15755.000 0.640
15760.000 0.640
15765.000 0.632
15770.000 0.628
15775.000 0.631
15780.000 0.629
15785.000 0.626
15790.000 0.626
15795.000 0.623
15800.000 0.622
15805.000 0.629
15810.000 0.627
15815.000 0.629
15820.000 0.627
15825.000 0.627
15830.000 0.637
15835.000 0.640
15840.000 0.641
15845.000 0.646
15850.000 0.650
15855.000 0.657
15860.000 0.662
15865.000 0.670
15870.000 0.669
15875.000 0.679
15880.000 0.697
15885.000 0.704
15890.000 0.716
15895.000 0.724
15900.000 0.737
15905.000 0.752
15910.000 0.764
15915.000 0.781
15920.000 0.784
15925.000 0.804
15930.000 0.805
15935.000 0.824
15940.000 0.823
15945.000 0.826
15950.000 0.833
15955.000 0.849
15960.000 0.860
15965.000 0.863
15970.000 0.882
15975.000 0.902
15980.000 0.925
15985.000 0.930
15990.000 0.957
15995.000 0.974
16000.000 1.002
