5.000 0.264
10.000 0.190
15.000 0.288
20.000 0.347
25.000 1.335
30.000 0.760
35.000 0.704
40.000 0.601
45.000 0.805
50.000 0.901
55.000 0.677
60.000 0.636
65.000 0.827
70.000 1.043
75.000 0.915
80.000 1.121
85.000 1.020
90.000 1.527
95.000 1.401
100.000 1.118
105.000 1.096
110.000 1.208
115.000 1.713
120.000 1.615
125.000 1.624
130.000 1.531
135.000 1.565
140.000 1.904
145.000 2.529
150.000 2.647
155.000 2.675
160.000 3.057
165.000 3.433
170.000 3.395
175.000 4.139
180.000 4.603
185.000 4.868
190.000 5.947
195.000 7.454
200.000 7.754
205.000 9.792
210.000 11.517
215.000 13.530
220.000 14.447
225.000 18.334
230.000 22.880
235.000 27.081
240.000 30.971
245.000 32.056
250.000 29.846
255.000 27.977
260.000 23.651
265.000 20.697
270.000 20.523
275.000 18.414
280.000 17.782
285.000 16.697
290.000 15.778
295.000 15.739
300.000 15.394
305.000 15.138
310.000 15.210
315.000 14.653
320.000 14.900
325.000 15.658
330.000 15.791
335.000 16.331
340.000 16.671
345.000 17.336
350.000 18.130
355.000 18.152
360.000 19.790
365.000 20.890
370.000 21.797
375.000 23.778
380.000 25.339
385.000 27.696
390.000 30.112
395.000 31.700
400.000 35.769
405.000 38.195
410.000 43.143
415.000 48.319
420.000 51.831
425.000 59.303
430.000 66.321
435.000 76.554
440.000 87.845
445.000 96.074
450.000 112.246
455.000 120.882
460.000 132.379
465.000 137.744
470.000 139.415
475.000 139.438
480.000 137.765
485.000 128.062
490.000 103.477
495.000 91.351
500.000 72.430
505.000 66.224
510.000 54.649
515.000 45.532
520.000 41.988
525.000 36.249
530.000 33.778
535.000 29.933
540.000 26.817
545.000 25.510
550.000 23.084
555.000 22.405
560.000 21.859
565.000 18.720
570.000 18.617
575.000 17.710
580.000 17.024
585.000 16.336
590.000 15.107
595.000 16.409
600.000 14.906
605.000 14.866
610.000 14.497
615.000 14.967
620.000 14.364
625.000 14.880
630.000 15.271
635.000 15.539
640.000 16.128
645.000 16.234
650.000 17.327
655.000 18.229
660.000 19.994
665.000 21.971
670.000 24.556
675.000 27.138
680.000 29.051
685.000 34.492
690.000 40.691
695.000 43.560
700.000 44.841
705.000 41.870
710.000 32.488
715.000 24.278
720.000 21.248
725.000 17.239
730.000 15.227
735.000 12.533
740.000 10.679
745.000 9.907
750.000 8.556
755.000 8.014
760.000 7.209
765.000 7.965
770.000 6.858
775.000 5.860
780.000 5.524
785.000 5.310
790.000 5.815
795.000 4.814
800.000 4.413
805.000 4.263
810.000 4.090
815.000 3.980
820.000 3.823
825.000 3.599
830.000 3.704
835.000 4.164
840.000 3.726
845.000 3.745
850.000 3.584
855.000 3.606
860.000 3.810
865.000 3.882
870.000 4.079
875.000 4.096
880.000 4.525
885.000 4.583
890.000 5.066
895.000 5.549
900.000 6.279
905.000 6.864
910.000 8.012
915.000 8.777
920.000 10.800
925.000 13.218
930.000 14.843
935.000 16.017
940.000 15.658
945.000 13.015
950.000 9.852
955.000 8.830
960.000 7.085
965.000 6.483
970.000 5.579
975.000 4.940
980.000 4.561
985.000 4.163
990.000 3.996
995.000 3.704
1000.000 3.522
1005.000 3.336
1010.000 3.253
1015.000 3.157
1020.000 3.110
1025.000 3.041
1030.000 2.964
1035.000 2.969
1040.000 2.983
1045.000 2.906
1050.000 2.996
1055.000 2.990
1060.000 3.027
1065.000 3.129
1070.000 3.210
1075.000 3.360
1080.000 3.454
1085.000 3.615
1090.000 3.778
1095.000 4.050
1100.000 4.460
1105.000 4.771
1110.000 5.256
1115.000 5.670
1120.000 6.482
1125.000 7.973
1130.000 8.781
1135.000 10.596
1140.000 11.994
1145.000 14.712
1150.000 16.430
1155.000 15.941
1160.000 13.372
1165.000 11.830
1170.000 9.438
1175.000 8.069
1180.000 7.599
1185.000 6.988
1190.000 6.728
1195.000 6.375
1200.000 6.160
1205.000 6.007
1210.000 5.957
1215.000 5.859
1220.000 5.803
1225.000 5.734
1230.000 5.727
1235.000 5.697
1240.000 5.704
1245.000 5.713
1250.000 5.794
1255.000 5.849
1260.000 5.960
1265.000 5.914
1270.000 5.973
1275.000 6.146
1280.000 6.187
1285.000 6.448
1290.000 6.547
1295.000 6.825
1300.000 7.136
1305.000 7.369
1310.000 7.800
1315.000 7.986
1320.000 8.684
1325.000 9.386
1330.000 9.835
1335.000 10.825
1340.000 11.464
1345.000 13.072
1350.000 15.103
1355.000 16.361
1360.000 19.688
1365.000 21.772
1370.000 27.031
1375.000 33.527
1380.000 36.320
1385.000 39.063
1390.000 37.458
1395.000 30.277
1400.000 23.592
1405.000 20.751
1410.000 17.213
1415.000 15.805
1420.000 13.768
1425.000 12.971
1430.000 11.573
1435.000 10.645
1440.000 10.119
1445.000 9.454
1450.000 9.189
1455.000 8.730
1460.000 8.318
1465.000 8.107
1470.000 7.984
1475.000 7.910
1480.000 7.767
1485.000 7.738
1490.000 7.703
1495.000 7.777
1500.000 7.829
1505.000 7.978
1510.000 8.147
1515.000 8.426
1520.000 8.589
1525.000 8.779
1530.000 9.233
1535.000 9.764
1540.000 10.128
1545.000 10.913
1550.000 11.349
1555.000 12.455
1560.000 13.913
1565.000 15.736
1570.000 16.845
1575.000 18.116
1580.000 21.380
1585.000 25.787
1590.000 31.988
1595.000 35.910
1600.000 45.491
1605.000 50.701
1610.000 58.640
1615.000 59.192
1620.000 51.175
1625.000 45.316
1630.000 35.888
1635.000 29.636
1640.000 25.405
1645.000 23.813
1650.000 22.459
1655.000 20.303
1660.000 18.713
1665.000 18.091
1670.000 17.083
1675.000 16.684
1680.000 16.069
1685.000 15.618
1690.000 15.461
1695.000 15.275
1700.000 15.233
1705.000 15.269
1710.000 15.450
1715.000 15.583
1720.000 15.953
1725.000 16.547
1730.000 16.894
1735.000 17.727
1740.000 18.257
1745.000 19.466
1750.000 20.237
1755.000 22.012
1760.000 24.329
1765.000 25.691
1770.000 29.084
1775.000 31.181
1780.000 36.372
1785.000 43.230
1790.000 47.368
1795.000 56.766
1800.000 61.488
1805.000 68.278
1810.000 66.595
1815.000 62.240
1820.000 51.149
1825.000 46.141
1830.000 38.145
1835.000 32.363
1840.000 30.102
1845.000 26.472
1850.000 24.990
1855.000 22.560
1860.000 20.692
1865.000 19.910
1870.000 18.564
1875.000 18.002
1880.000 17.053
1885.000 16.263
1890.000 15.960
1895.000 15.453
1900.000 15.221
1905.000 14.872
1910.000 14.612
1915.000 14.493
1920.000 14.377
1925.000 14.337
1930.000 14.325
1935.000 14.406
1940.000 14.466
1945.000 14.675
1950.000 14.808
1955.000 15.142
1960.000 15.573
1965.000 15.828
1970.000 16.435
1975.000 16.795
1980.000 17.608
1985.000 18.631
1990.000 19.225
1995.000 20.621
2000.000 21.546
2005.000 23.489
2010.000 24.619
2015.000 27.400
2020.000 30.898
2025.000 32.999
2030.000 38.067
2035.000 41.036
2040.000 47.938
2045.000 55.288
2050.000 58.667
2055.000 62.172
2060.000 61.642
2065.000 55.788
2070.000 47.292
2075.000 43.316
2080.000 36.619
2085.000 34.005
2090.000 29.584
2095.000 26.275
2100.000 24.922
2105.000 22.681
2110.000 21.815
2115.000 20.291
2120.000 19.142
2125.000 18.737
2130.000 18.008
2135.000 17.746
2140.000 17.383
2145.000 17.233
2150.000 17.221
2155.000 17.391
2160.000 17.557
2165.000 18.084
2170.000 18.923
2175.000 19.473
2180.000 20.895
2185.000 21.824
2190.000 24.226
2195.000 27.611
2200.000 29.748
2205.000 35.371
2210.000 38.906
2215.000 47.319
2220.000 55.078
2225.000 56.590
2230.000 50.622
2235.000 44.221
2240.000 32.816
2245.000 25.481
2250.000 22.832
2255.000 18.866
2260.000 17.326
2265.000 14.961
2270.000 13.211
2275.000 12.481
2280.000 11.324
2285.000 10.849
2290.000 10.041
2295.000 9.420
2300.000 9.157
2305.000 8.767
2310.000 8.616
2315.000 8.411
2320.000 8.354
2325.000 8.267
2330.000 8.361
2335.000 8.429
2340.000 8.689
2345.000 8.887
2350.000 9.448
2355.000 10.280
2360.000 10.824
2365.000 12.250
2370.000 13.158
2375.000 15.258
2380.000 16.940
2385.000 17.029
2390.000 14.426
2395.000 12.158
2400.000 8.295
2405.000 5.923
2410.000 5.060
2415.000 3.831
2420.000 3.363
2425.000 2.641
2430.000 2.059
2435.000 1.858
2440.000 1.499
2445.000 1.338
2450.000 1.094
2455.000 0.867
2460.000 0.773
2465.000 0.620
2470.000 0.554
2475.000 0.438
2480.000 0.347
2485.000 0.317
2490.000 0.229
2495.000 0.186
2500.000 0.118
2505.000 0.094
2510.000 0.075
2515.000 0.081
2520.000 0.088
2525.000 0.123
2530.000 0.142
2535.000 0.168
2540.000 0.186
2545.000 0.199
2550.000 0.220
2555.000 0.240
2560.000 0.258
2565.000 0.269
2570.000 0.282
2575.000 0.289
2580.000 0.304
2585.000 0.314
2590.000 0.323
2595.000 0.327
2600.000 0.343
2605.000 0.358
2610.000 0.336
2615.000 0.378
2620.000 0.372
2625.000 0.389
2630.000 0.390
2635.000 0.387
2640.000 0.394
2645.000 0.392
2650.000 0.405
2655.000 0.403
2660.000 0.412
2665.000 0.418
2670.000 0.419
2675.000 0.415
2680.000 0.418
2685.000 0.408
2690.000 0.438
2695.000 0.426
2700.000 0.429
2705.000 0.415
2710.000 0.418
2715.000 0.429
2720.000 0.449
2725.000 0.440
2730.000 0.420
2735.000 0.426
2740.000 0.431
2745.000 0.446
2750.000 0.433
2755.000 0.444
2760.000 0.434
2765.000 0.439
2770.000 0.427
2775.000 0.427
2780.000 0.433
2785.000 0.429
2790.000 0.434
2795.000 0.429
2800.000 0.420
2805.000 0.406
2810.000 0.418
2815.000 0.415
2820.000 0.407
2825.000 0.409
2830.000 0.389
2835.000 0.394
2840.000 0.385
2845.000 0.371
2850.000 0.377
2855.000 0.362
2860.000 0.355
2865.000 0.351
2870.000 0.333
2875.000 0.319
2880.000 0.313
2885.000 0.325
2890.000 0.292
2895.000 0.289
2900.000 0.257
2905.000 0.244
2910.000 0.269
2915.000 0.316
2920.000 0.348
2925.000 0.465
2930.000 0.539
2935.000 0.774
2940.000 1.151
2945.000 1.414
2950.000 2.114
2955.000 2.521
2960.000 3.164
2965.000 2.886
2970.000 2.505
2975.000 2.019
2980.000 1.848
2985.000 1.634
2990.000 1.476
2995.000 1.404
3000.000 1.309
3005.000 1.279
3010.000 1.196
3015.000 1.173
3020.000 1.136
3025.000 1.099
3030.000 1.085
3035.000 1.067
3040.000 1.043
3045.000 1.036
3050.000 1.007
3055.000 1.004
3060.000 0.985
3065.000 0.977
3070.000 0.974
3075.000 0.961
3080.000 0.968
3085.000 0.958
3090.000 0.951
3095.000 0.953
3100.000 0.971
3105.000 0.949
3110.000 0.947
3115.000 0.958
3120.000 0.956
3125.000 0.969
3130.000 0.959
3135.000 0.970
3140.000 0.963
3145.000 0.965
3150.000 0.972
3155.000 0.976
3160.000 0.990
3165.000 1.002
3170.000 1.008
3175.000 1.021
3180.000 1.028
3185.000 1.023
3190.000 1.043
3195.000 1.065
3200.000 1.087
3205.000 1.087
3210.000 1.115
3215.000 1.137
3220.000 1.157
3225.000 1.190
3230.000 1.197
3235.000 1.236
3240.000 1.277
3245.000 1.303
3250.000 1.345
3255.000 1.385
3260.000 1.428
3265.000 1.509
3270.000 1.546
3275.000 1.617
3280.000 1.680
3285.000 1.785
3290.000 1.922
3295.000 1.981
3300.000 2.146
3305.000 2.232
3310.000 2.458
3315.000 2.709
3320.000 2.869
3325.000 3.220
3330.000 3.439
3335.000 3.930
3340.000 4.597
3345.000 4.960
3350.000 5.935
3355.000 6.517
3360.000 8.034
3365.000 10.114
3370.000 11.453
3375.000 14.789
3380.000 16.941
3385.000 21.651
3390.000 26.001
3395.000 27.226
3400.000 27.158
3405.000 26.296
3410.000 24.389
3415.000 23.260
3420.000 23.014
3425.000 23.175
3430.000 23.592
3435.000 25.095
3440.000 27.804
3445.000 29.659
3450.000 34.577
3455.000 37.788
3460.000 45.166
3465.000 51.570
3470.000 52.549
3475.000 46.909
3480.000 41.539
3485.000 31.394
3490.000 27.874
3495.000 22.801
3500.000 19.299
3505.000 17.979
3510.000 15.891
3515.000 15.097
3520.000 13.766
3525.000 12.817
3530.000 12.429
3535.000 11.803
3540.000 11.576
3545.000 11.226
3550.000 11.015
3555.000 10.950
3560.000 10.948
3565.000 10.988
3570.000 11.158
3575.000 11.478
3580.000 11.724
3585.000 12.303
3590.000 12.651
3595.000 13.529
3600.000 14.782
3605.000 15.564
3610.000 17.482
3615.000 18.655
3620.000 21.501
3625.000 24.997
3630.000 26.843
3635.000 29.852
3640.000 30.473
3645.000 28.774
3650.000 24.044
3655.000 21.553
3660.000 17.419
3665.000 15.761
3670.000 13.197
3675.000 11.292
3680.000 10.545
3685.000 9.309
3690.000 8.784
3695.000 7.946
3700.000 7.284
3705.000 7.019
3710.000 6.545
3715.000 6.335
3720.000 6.009
3725.000 5.744
3730.000 5.649
3735.000 5.474
3740.000 5.396
3745.000 5.323
3750.000 5.262
3755.000 5.243
3760.000 5.263
3765.000 5.286
3770.000 5.351
3775.000 5.459
3780.000 5.541
3785.000 5.741
3790.000 5.849
3795.000 6.143
3800.000 6.488
3805.000 6.700
3810.000 7.186
3815.000 7.455
3820.000 8.137
3825.000 8.992
3830.000 9.484
3835.000 10.691
3840.000 11.417
3845.000 13.209
3850.000 15.587
3855.000 17.071
3860.000 20.849
3865.000 23.207
3870.000 29.044
3875.000 35.904
3880.000 39.087
3885.000 42.218
3890.000 41.252
3895.000 35.471
3900.000 29.433
3905.000 27.060
3910.000 23.451
3915.000 22.104
3920.000 20.028
3925.000 18.608
3930.000 18.089
3935.000 17.355
3940.000 17.124
3945.000 16.886
3950.000 16.970
3955.000 17.110
3960.000 17.659
3965.000 18.056
3970.000 19.189
3975.000 20.839
3980.000 21.918
3985.000 24.637
3990.000 26.308
3995.000 30.170
4000.000 33.951
4005.000 35.136
4010.000 34.233
4015.000 31.875
4020.000 25.294
4025.000 19.543
4030.000 17.331
4035.000 13.895
4040.000 12.552
4045.000 10.465
4050.000 8.875
4055.000 8.229
4060.000 7.161
4065.000 6.714
4070.000 5.936
4075.000 5.311
4080.000 5.009
4085.000 4.577
4090.000 4.367
4095.000 4.042
4100.000 3.906
4105.000 3.665
4110.000 3.467
4115.000 3.398
4120.000 3.273
4125.000 3.227
4130.000 3.153
4135.000 3.119
4140.000 3.119
4145.000 3.115
4150.000 3.129
4155.000 3.179
4160.000 3.266
4165.000 3.301
4170.000 3.436
4175.000 3.522
4180.000 3.701
4185.000 3.942
4190.000 4.080
4195.000 4.409
4200.000 4.608
4205.000 5.086
4210.000 5.675
4215.000 6.040
4220.000 6.892
4225.000 7.418
4230.000 8.729
4235.000 10.470
4240.000 11.540
4245.000 14.139
4250.000 15.595
4255.000 18.506
4260.000 20.115
4265.000 19.923
4270.000 17.689
4275.000 16.213
4280.000 13.598
4285.000 11.644
4290.000 10.878
4295.000 9.684
4300.000 9.198
4305.000 8.423
4310.000 7.854
4315.000 7.629
4320.000 7.261
4325.000 7.105
4330.000 6.870
4335.000 6.728
4340.000 6.669
4345.000 6.611
4350.000 6.603
4355.000 6.632
4360.000 6.724
4365.000 6.781
4370.000 6.978
4375.000 7.075
4380.000 7.381
4385.000 7.742
4390.000 7.970
4395.000 8.515
4400.000 8.830
4405.000 9.581
4410.000 10.554
4415.000 11.141
4420.000 12.571
4425.000 13.431
4430.000 15.637
4435.000 18.583
4440.000 20.416
4445.000 24.997
4450.000 27.696
4455.000 33.330
4460.000 36.899
4465.000 36.701
4470.000 32.127
4475.000 28.994
4480.000 23.688
4485.000 19.937
4490.000 18.517
4495.000 16.310
4500.000 15.452
4505.000 14.141
4510.000 13.202
4515.000 12.838
4520.000 12.301
4525.000 12.114
4530.000 11.871
4535.000 11.815
4540.000 11.859
4545.000 12.052
4550.000 12.217
4555.000 12.699
4560.000 13.412
4565.000 13.876
4570.000 15.055
4575.000 15.792
4580.000 17.677
4585.000 20.206
4590.000 21.778
4595.000 25.632
4600.000 27.831
4605.000 32.228
4610.000 34.493
4615.000 33.881
4620.000 29.102
4625.000 25.978
4630.000 20.552
4635.000 16.665
4640.000 15.176
4645.000 12.825
4650.000 11.889
4655.000 10.393
4660.000 9.213
4665.000 8.752
4670.000 7.935
4675.000 7.542
4680.000 6.969
4685.000 6.700
4690.000 6.289
4695.000 5.933
4700.000 5.781
4705.000 5.510
4710.000 5.403
4715.000 5.214
4720.000 5.045
4725.000 4.923
4730.000 4.882
4735.000 4.844
4740.000 4.782
4745.000 4.762
4750.000 4.753
4755.000 4.761
4760.000 4.790
4765.000 4.851
4770.000 4.959
4775.000 5.018
4780.000 5.192
4785.000 5.296
4790.000 5.535
4795.000 5.854
4800.000 6.054
4805.000 6.509
4810.000 6.797
4815.000 7.476
4820.000 8.371
4825.000 8.927
4830.000 10.296
4835.000 11.165
4840.000 13.275
4845.000 15.925
4850.000 17.385
4855.000 19.882
4860.000 20.501
4865.000 19.542
4870.000 16.508
4875.000 14.962
4880.000 12.502
4885.000 11.527
4890.000 10.103
4895.000 9.091
4900.000 8.732
4905.000 8.186
4910.000 8.003
4915.000 7.777
4920.000 7.729
4925.000 7.792
4930.000 8.027
4935.000 8.221
4940.000 8.788
4945.000 9.638
4950.000 10.175
4955.000 11.523
4960.000 12.331
4965.000 13.910
4970.000 14.787
4975.000 14.551
4980.000 12.665
4985.000 11.366
4990.000 9.017
4995.000 7.274
5000.000 6.603
5005.000 5.564
5010.000 5.149
5015.000 4.506
5020.000 4.007
5025.000 3.804
5030.000 3.475
5035.000 3.336
5040.000 3.126
5045.000 2.951
5050.000 2.886
5055.000 2.775
5060.000 2.754
5065.000 2.684
5070.000 2.674
5075.000 2.689
5080.000 2.721
5085.000 2.755
5090.000 2.863
5095.000 3.020
5100.000 3.104
5105.000 3.237
5110.000 3.254
5115.000 3.063
5120.000 2.468
5125.000 2.095
5130.000 1.419
5135.000 1.159
5140.000 0.790
5145.000 0.563
5150.000 0.493
5155.000 0.384
5160.000 0.367
5165.000 0.348
5170.000 0.355
5175.000 0.379
5180.000 0.388
5185.000 0.402
5190.000 0.416
5195.000 0.436
5200.000 0.453
5205.000 0.465
5210.000 0.474
5215.000 0.476
5220.000 0.493
5225.000 0.507
5230.000 0.513
5235.000 0.516
5240.000 0.527
5245.000 0.529
5250.000 0.539
5255.000 0.540
5260.000 0.546
5265.000 0.553
5270.000 0.549
5275.000 0.553
5280.000 0.558
5285.000 0.568
5290.000 0.564
5295.000 0.566
5300.000 0.552
5305.000 0.577
5310.000 0.569
5315.000 0.576
5320.000 0.570
5325.000 0.579
5330.000 0.580
5335.000 0.584
5340.000 0.588
5345.000 0.586
5350.000 0.594
5355.000 0.617
5360.000 0.624
5365.000 0.658
5370.000 0.687
5375.000 0.748
5380.000 0.805
5385.000 0.812
5390.000 0.790
5395.000 0.764
5400.000 0.726
5405.000 0.696
5410.000 0.688
5415.000 0.668
5420.000 0.665
5425.000 0.645
5430.000 0.644
5435.000 0.634
5440.000 0.640
5445.000 0.633
5450.000 0.642
5455.000 0.624
5460.000 0.628
5465.000 0.624
5470.000 0.626
5475.000 0.620
5480.000 0.621
5485.000 0.617
5490.000 0.612
5495.000 0.622
5500.000 0.618
5505.000 0.628
5510.000 0.617
5515.000 0.619
5520.000 0.614
5525.000 0.620
5530.000 0.620
5535.000 0.625
5540.000 0.615
5545.000 0.616
5550.000 0.610
5555.000 0.624
5560.000 0.609
5565.000 0.613
5570.000 0.610
5575.000 0.612
5580.000 0.610
5585.000 0.615
5590.000 0.611
5595.000 0.613
5600.000 0.612
5605.000 0.617
5610.000 0.621
5615.000 0.611
5620.000 0.610
5625.000 0.626
5630.000 0.616
5635.000 0.615
5640.000 0.607
5645.000 0.617
5650.000 0.608
5655.000 0.612
5660.000 0.608
5665.000 0.598
5670.000 0.609
5675.000 0.605
5680.000 0.607
5685.000 0.600
5690.000 0.618
5695.000 0.608
5700.000 0.619
5705.000 0.614
5710.000 0.611
5715.000 0.616
5720.000 0.615
5725.000 0.609
5730.000 0.604
5735.000 0.618
5740.000 0.610
5745.000 0.606
5750.000 0.609
5755.000 0.607
5760.000 0.608
5765.000 0.620
5770.000 0.603
5775.000 0.607
5780.000 0.610
5785.000 0.608
5790.000 0.606
5795.000 0.610
5800.000 0.613
5805.000 0.618
5810.000 0.608
5815.000 0.612
5820.000 0.619
5825.000 0.606
5830.000 0.623
5835.000 0.606
5840.000 0.608
5845.000 0.605
5850.000 0.607
5855.000 0.612
5860.000 0.614
5865.000 0.613
5870.000 0.610
5875.000 0.610
5880.000 0.599
5885.000 0.614
5890.000 0.619
5895.000 0.597
5900.000 0.614
5905.000 0.620
5910.000 0.606
5915.000 0.604
5920.000 0.613
5925.000 0.609
5930.000 0.602
5935.000 0.612
5940.000 0.602
5945.000 0.612
5950.000 0.607
5955.000 0.608
5960.000 0.603
5965.000 0.610
5970.000 0.596
5975.000 0.623
5980.000 0.614
5985.000 0.611
5990.000 0.610
5995.000 0.614
6000.000 0.625
6005.000 0.618
6010.000 0.616
6015.000 0.616
6020.000 0.604
6025.000 0.597
6030.000 0.611
6035.000 0.612
6040.000 0.612
6045.000 0.610
6050.000 0.613
6055.000 0.618
6060.000 0.613
6065.000 0.616
6070.000 0.620
6075.000 0.611
6080.000 0.603
6085.000 0.607
6090.000 0.616
6095.000 0.609
6100.000 0.612
6105.000 0.611
6110.000 0.602
6115.000 0.610
6120.000 0.618
6125.000 0.617
6130.000 0.607
6135.000 0.606
6140.000 0.612
6145.000 0.615
6150.000 0.610
6155.000 0.607
6160.000 0.617
6165.000 0.613
6170.000 0.610
6175.000 0.613
6180.000 0.611
6185.000 0.618
6190.000 0.612
6195.000 0.613
6200.000 0.613
6205.000 0.604
6210.000 0.620
6215.000 0.611
6220.000 0.610
6225.000 0.613
6230.000 0.614
6235.000 0.614
6240.000 0.612
6245.000 0.615
6250.000 0.618
6255.000 0.610
6260.000 0.602
6265.000 0.615
6270.000 0.615
6275.000 0.619
6280.000 0.618
6285.000 0.608
6290.000 0.620
6295.000 0.614
6300.000 0.608
6305.000 0.610
6310.000 0.615
6315.000 0.616
6320.000 0.607
6325.000 0.610
6330.000 0.614
6335.000 0.617
6340.000 0.613
6345.000 0.617
6350.000 0.619
6355.000 0.617
6360.000 0.607
6365.000 0.617
6370.000 0.610
6375.000 0.620
6380.000 0.616
6385.000 0.607
6390.000 0.610
6395.000 0.611
6400.000 0.618
6405.000 0.611
6410.000 0.608
6415.000 0.618
6420.000 0.618
6425.000 0.613
6430.000 0.614
6435.000 0.623
6440.000 0.614
6445.000 0.607
6450.000 0.612
6455.000 0.614
6460.000 0.611
6465.000 0.606
6470.000 0.612
6475.000 0.602
6480.000 0.609
6485.000 0.610
6490.000 0.611
6495.000 0.603
6500.000 0.612
6505.000 0.600
6510.000 0.604
6515.000 0.612
6520.000 0.610
6525.000 0.604
6530.000 0.592
6535.000 0.613
6540.000 0.594
6545.000 0.593
6550.000 0.598
6555.000 0.585
6560.000 0.592
6565.000 0.594
6570.000 0.584
6575.000 0.584
6580.000 0.572
6585.000 0.579
6590.000 0.565
6595.000 0.573
6600.000 0.568
6605.000 0.577
6610.000 0.597
6615.000 0.630
6620.000 0.720
6625.000 0.873
6630.000 1.001
6635.000 1.356
6640.000 1.606
6645.000 2.356
6650.000 3.516
6655.000 4.309
6660.000 6.445
6665.000 7.734
6670.000 10.213
6675.000 11.665
6680.000 11.993
6685.000 12.558
6690.000 13.019
6695.000 14.391
6700.000 16.540
6705.000 17.876
6710.000 20.799
6715.000 22.053
6720.000 22.974
6725.000 21.003
6730.000 19.414
6735.000 16.490
6740.000 15.331
6745.000 13.658
6750.000 12.627
6755.000 12.272
6760.000 11.942
6765.000 11.909
6770.000 12.120
6775.000 12.374
6780.000 13.157
6785.000 14.404
6790.000 15.230
6795.000 17.352
6800.000 18.651
6805.000 21.600
6810.000 24.321
6815.000 25.111
6820.000 24.474
6825.000 23.077
6830.000 19.459
6835.000 16.299
6840.000 15.037
6845.000 13.123
6850.000 12.385
6855.000 11.255
6860.000 10.486
6865.000 10.207
6870.000 9.814
6875.000 9.704
6880.000 9.603
6885.000 9.696
6890.000 9.799
6895.000 10.164
6900.000 10.428
6905.000 11.121
6910.000 12.112
6915.000 12.748
6920.000 14.340
6925.000 15.337
6930.000 17.783
6935.000 20.788
6940.000 22.379
6945.000 25.041
6950.000 25.629
6955.000 24.458
6960.000 20.898
6965.000 18.991
6970.000 15.769
6975.000 14.491
6980.000 12.463
6985.000 10.997
6990.000 10.424
6995.000 9.482
7000.000 9.124
7005.000 8.531
7010.000 8.120
7015.000 7.951
7020.000 7.736
7025.000 7.670
7030.000 7.614
7035.000 7.649
7040.000 7.707
7045.000 7.918
7050.000 8.057
7055.000 8.496
7060.000 9.077
7065.000 9.445
7070.000 10.361
7075.000 10.926
7080.000 12.328
7085.000 14.172
7090.000 15.264
7095.000 17.723
7100.000 18.978
7105.000 20.974
7110.000 21.202
7115.000 20.434
7120.000 17.785
7125.000 16.352
7130.000 13.831
7135.000 11.934
7140.000 11.174
7145.000 9.980
7150.000 9.505
7155.000 8.740
7160.000 8.197
7165.000 7.972
7170.000 7.658
7175.000 7.551
7180.000 7.392
7185.000 7.346
7190.000 7.372
7195.000 7.473
7200.000 7.575
7205.000 7.846
7210.000 8.245
7215.000 8.501
7220.000 9.162
7225.000 9.565
7230.000 10.562
7235.000 11.868
7240.000 12.635
7245.000 14.479
7250.000 15.475
7255.000 17.409
7260.000 18.554
7265.000 18.519
7270.000 17.060
7275.000 15.862
7280.000 13.334
7285.000 11.218
7290.000 10.359
7295.000 8.952
7300.000 8.400
7305.000 7.468
7310.000 6.764
7315.000 6.476
7320.000 5.993
7325.000 5.806
7330.000 5.486
7335.000 5.251
7340.000 5.162
7345.000 5.023
7350.000 4.970
7355.000 4.918
7360.000 4.916
7365.000 4.964
7370.000 5.041
7375.000 5.116
7380.000 5.314
7385.000 5.441
7390.000 5.782
7395.000 6.221
7400.000 6.498
7405.000 7.178
7410.000 7.593
7415.000 8.598
7420.000 9.848
7425.000 10.539
7430.000 11.881
7435.000 12.398
7440.000 12.763
7445.000 11.884
7450.000 11.117
7455.000 9.463
7460.000 8.718
7465.000 7.459
7470.000 6.510
7475.000 6.131
7480.000 5.518
7485.000 5.264
7490.000 4.858
7495.000 4.557
7500.000 4.434
7505.000 4.250
7510.000 4.173
7515.000 4.063
7520.000 4.006
7525.000 3.976
7530.000 3.985
7535.000 4.004
7540.000 4.075
7545.000 4.194
7550.000 4.268
7555.000 4.464
7560.000 4.596
7565.000 4.900
7570.000 5.297
7575.000 5.541
7580.000 6.124
7585.000 6.488
7590.000 7.353
7595.000 8.477
7600.000 9.122
7605.000 10.555
7610.000 11.275
7615.000 12.388
7620.000 12.487
7625.000 12.073
7630.000 10.644
7635.000 9.856
7640.000 8.438
7645.000 7.279
7650.000 6.853
7655.000 6.160
7660.000 5.884
7665.000 5.450
7670.000 5.153
7675.000 5.041
7680.000 4.889
7685.000 4.850
7690.000 4.831
7695.000 4.884
7700.000 4.972
7705.000 5.181
7710.000 5.331
7715.000 5.711
7720.000 6.247
7725.000 6.553
7730.000 7.230
7735.000 7.538
7740.000 7.900
7745.000 7.643
7750.000 7.246
7755.000 6.162
7760.000 5.617
7765.000 4.656
7770.000 3.921
7775.000 3.636
7780.000 3.172
7785.000 2.996
7790.000 2.690
7795.000 2.473
7800.000 2.376
7805.000 2.225
7810.000 2.171
7815.000 2.083
7820.000 2.022
7825.000 2.003
7830.000 1.966
7835.000 1.963
7840.000 1.952
7845.000 1.989
7850.000 2.004
7855.000 2.060
7860.000 2.102
7865.000 2.195
7870.000 2.327
7875.000 2.408
7880.000 2.609
7885.000 2.726
7890.000 3.011
7895.000 3.389
7900.000 3.601
7905.000 4.070
7910.000 4.308
7915.000 4.691
7920.000 4.776
7925.000 4.672
7930.000 4.182
7935.000 3.894
7940.000 3.341
7945.000 3.078
7950.000 2.680
7955.000 2.395
7960.000 2.280
7965.000 2.099
7970.000 2.009
7975.000 1.899
7980.000 1.832
7985.000 1.801
7990.000 1.783
7995.000 1.765
8000.000 1.786
8005.000 1.800
8010.000 1.802
8015.000 1.772
8020.000 1.722
8025.000 1.575
8030.000 1.432
8035.000 1.386
8040.000 1.300
8045.000 1.255
8050.000 1.183
8055.000 1.159
8060.000 1.167
8065.000 1.158
8070.000 1.153
8075.000 1.156
8080.000 1.148
8085.000 1.142
8090.000 1.171
8095.000 1.172
8100.000 1.164
8105.000 1.076
8110.000 1.020
8115.000 0.899
8120.000 0.844
8125.000 0.771
8130.000 0.724
8135.000 0.702
8140.000 0.664
8145.000 0.654
8150.000 0.643
8155.000 0.644
8160.000 0.628
8165.000 0.634
8170.000 0.620
8175.000 0.622
8180.000 0.618
8185.000 0.619
8190.000 0.614
8195.000 0.601
8200.000 0.606
8205.000 0.610
8210.000 0.611
8215.000 0.612
8220.000 0.609
8225.000 0.608
8230.000 0.605
8235.000 0.604
8240.000 0.605
8245.000 0.603
8250.000 0.610
8255.000 0.599
8260.000 0.605
8265.000 0.598
8270.000 0.608
8275.000 0.610
8280.000 0.609
8285.000 0.607
8290.000 0.602
8295.000 0.612
8300.000 0.605
8305.000 0.604
8310.000 0.609
8315.000 0.610
8320.000 0.605
8325.000 0.604
8330.000 0.597
8335.000 0.604
8340.000 0.599
8345.000 0.602
8350.000 0.602
8355.000 0.609
8360.000 0.599
8365.000 0.593
8370.000 0.597
8375.000 0.604
8380.000 0.605
8385.000 0.608
8390.000 0.607
8395.000 0.600
8400.000 0.604
8405.000 0.596
8410.000 0.601
8415.000 0.602
8420.000 0.595
8425.000 0.602
8430.000 0.606
8435.000 0.601
8440.000 0.607
8445.000 0.605
8450.000 0.604
8455.000 0.606
8460.000 0.610
8465.000 0.606
8470.000 0.603
8475.000 0.607
8480.000 0.602
8485.000 0.607
8490.000 0.596
8495.000 0.604
8500.000 0.606
8505.000 0.602
8510.000 0.606
8515.000 0.595
8520.000 0.599
8525.000 0.599
8530.000 0.600
8535.000 0.597
8540.000 0.611
8545.000 0.604
8550.000 0.599
8555.000 0.602
8560.000 0.604
8565.000 0.602
8570.000 0.598
8575.000 0.601
8580.000 0.609
8585.000 0.603
8590.000 0.602
8595.000 0.601
8600.000 0.607
8605.000 0.601
8610.000 0.604
8615.000 0.603
8620.000 0.598
8625.000 0.611
8630.000 0.604
8635.000 0.603
8640.000 0.606
8645.000 0.606
8650.000 0.606
8655.000 0.600
8660.000 0.606
8665.000 0.611
8670.000 0.605
8675.000 0.603
8680.000 0.607
8685.000 0.602
8690.000 0.608
8695.000 0.600
8700.000 0.603
8705.000 0.604
8710.000 0.600
8715.000 0.598
8720.000 0.597
8725.000 0.604
8730.000 0.604
8735.000 0.602
8740.000 0.603
8745.000 0.601
8750.000 0.598
8755.000 0.600
8760.000 0.603
8765.000 0.605
8770.000 0.594
8775.000 0.599
8780.000 0.608
8785.000 0.599
8790.000 0.596
8795.000 0.600
8800.000 0.600
8805.000 0.596
8810.000 0.601
8815.000 0.608
8820.000 0.600
8825.000 0.605
8830.000 0.605
8835.000 0.599
8840.000 0.607
8845.000 0.599
8850.000 0.599
8855.000 0.594
8860.000 0.604
8865.000 0.592
8870.000 0.602
8875.000 0.598
8880.000 0.598
8885.000 0.597
8890.000 0.606
8895.000 0.591
8900.000 0.602
8905.000 0.603
8910.000 0.603
8915.000 0.608
8920.000 0.600
8925.000 0.599
8930.000 0.601
8935.000 0.598
8940.000 0.605
8945.000 0.602
8950.000 0.594
8955.000 0.595
8960.000 0.583
8965.000 0.593
8970.000 0.592
8975.000 0.597
8980.000 0.598
8985.000 0.604
8990.000 0.603
8995.000 0.607
9000.000 0.606
9005.000 0.599
9010.000 0.603
9015.000 0.604
9020.000 0.599
9025.000 0.606
9030.000 0.612
9035.000 0.594
9040.000 0.596
9045.000 0.595
9050.000 0.593
9055.000 0.598
9060.000 0.592
9065.000 0.598
9070.000 0.594
9075.000 0.596
9080.000 0.596
9085.000 0.597
9090.000 0.602
9095.000 0.599
9100.000 0.600
9105.000 0.604
9110.000 0.611
9115.000 0.608
9120.000 0.610
9125.000 0.601
9130.000 0.608
9135.000 0.605
9140.000 0.604
9145.000 0.600
9150.000 0.600
9155.000 0.594
9160.000 0.593
9165.000 0.599
9170.000 0.594
9175.000 0.599
9180.000 0.596
9185.000 0.594
9190.000 0.598
9195.000 0.596
9200.000 0.606
9205.000 0.599
9210.000 0.600
9215.000 0.599
9220.000 0.602
9225.000 0.590
9230.000 0.598
9235.000 0.593
9240.000 0.604
9245.000 0.589
9250.000 0.594
9255.000 0.595
9260.000 0.592
9265.000 0.598
9270.000 0.596
9275.000 0.599
9280.000 0.603
9285.000 0.594
9290.000 0.600
9295.000 0.595
9300.000 0.594
9305.000 0.598
9310.000 0.598
9315.000 0.601
9320.000 0.591
9325.000 0.592
9330.000 0.586
9335.000 0.600
9340.000 0.591
9345.000 0.595
9350.000 0.600
9355.000 0.593
9360.000 0.592
9365.000 0.600
9370.000 0.598
9375.000 0.596
9380.000 0.599
9385.000 0.596
9390.000 0.594
9395.000 0.599
9400.000 0.592
9405.000 0.607
9410.000 0.599
9415.000 0.601
9420.000 0.602
9425.000 0.596
9430.000 0.593
9435.000 0.594
9440.000 0.593
9445.000 0.604
9450.000 0.592
9455.000 0.589
9460.000 0.593
9465.000 0.593
9470.000 0.593
9475.000 0.598
9480.000 0.596
9485.000 0.592
9490.000 0.594
9495.000 0.592
9500.000 0.598
9505.000 0.590
9510.000 0.593
9515.000 0.593
9520.000 0.602
9525.000 0.595
9530.000 0.596
9535.000 0.594
9540.000 0.597
9545.000 0.593
9550.000 0.595
9555.000 0.598
9560.000 0.591
9565.000 0.597
9570.000 0.600
9575.000 0.595
9580.000 0.599
9585.000 0.596
9590.000 0.596
9595.000 0.598
9600.000 0.590
9605.000 0.590
9610.000 0.599
9615.000 0.597
9620.000 0.595
9625.000 0.595
9630.000 0.596
9635.000 0.598
9640.000 0.610
9645.000 0.600
9650.000 0.599
9655.000 0.596
9660.000 0.595
9665.000 0.595
9670.000 0.599
9675.000 0.596
9680.000 0.593
9685.000 0.593
9690.000 0.591
9695.000 0.589
9700.000 0.596
9705.000 0.596
9710.000 0.588
9715.000 0.602
9720.000 0.590
9725.000 0.605
9730.000 0.590
9735.000 0.602
9740.000 0.595
9745.000 0.597
9750.000 0.597
9755.000 0.593
9760.000 0.592
9765.000 0.588
9770.000 0.599
9775.000 0.593
9780.000 0.597
9785.000 0.593
9790.000 0.593
9795.000 0.599
9800.000 0.600
9805.000 0.592
9810.000 0.602
9815.000 0.603
9820.000 0.602
9825.000 0.603
9830.000 0.601
9835.000 0.613
9840.000 0.605
9845.000 0.611
9850.000 0.618
9855.000 0.617
9860.000 0.618
9865.000 0.616
9870.000 0.634
9875.000 0.637
9880.000 0.641
9885.000 0.654
9890.000 0.657
9895.000 0.676
9900.000 0.696
9905.000 0.715
9910.000 0.745
9915.000 0.767
9920.000 0.832
9925.000 0.861
9930.000 0.946
9935.000 1.053
9940.000 1.124
9945.000 1.239
9950.000 1.286
9955.000 1.319
9960.000 1.239
9965.000 1.175
9970.000 1.057
9975.000 1.004
9980.000 0.940
9985.000 0.941
9990.000 0.964
9995.000 1.061
10000.000 1.132
10005.000 1.373
10010.000 1.730
10015.000 1.980
10020.000 2.598
10025.000 3.008
10030.000 3.782
10035.000 4.098
10040.000 4.466
10045.000 4.451
10050.000 4.387
10055.000 4.275
10060.000 4.237
10065.000 4.268
10070.000 4.398
10075.000 4.508
10080.000 4.755
10085.000 4.905
10090.000 5.175
10095.000 5.265
10100.000 5.189
10105.000 4.748
10110.000 4.405
10115.000 3.681
10120.000 3.035
10125.000 2.770
10130.000 2.327
10135.000 2.144
10140.000 1.852
10145.000 1.636
10150.000 1.542
10155.000 1.397
10160.000 1.335
10165.000 1.234
10170.000 1.154
10175.000 1.128
10180.000 1.078
10185.000 1.057
10190.000 1.038
10195.000 1.016
10200.000 1.026
10205.000 1.031
10210.000 1.048
10215.000 1.087
10220.000 1.142
10225.000 1.185
10230.000 1.282
10235.000 1.349
10240.000 1.503
10245.000 1.711
10250.000 1.846
10255.000 2.158
10260.000 2.353
10265.000 2.836
10270.000 3.475
10275.000 3.850
10280.000 4.760
10285.000 5.271
10290.000 6.298
10295.000 7.104
10300.000 7.332
10305.000 7.434
10310.000 7.352
10315.000 7.103
10320.000 6.883
10325.000 6.834
10330.000 6.836
10335.000 6.893
10340.000 7.129
10345.000 7.492
10350.000 7.738
10355.000 8.248
10360.000 8.479
10365.000 8.715
10370.000 8.407
10375.000 8.007
10380.000 6.852
10385.000 6.237
10390.000 5.101
10395.000 4.203
10400.000 3.832
10405.000 3.242
10410.000 3.000
10415.000 2.605
10420.000 2.294
10425.000 2.176
10430.000 1.957
10435.000 1.867
10440.000 1.727
10445.000 1.609
10450.000 1.563
10455.000 1.478
10460.000 1.450
10465.000 1.405
10470.000 1.376
10475.000 1.369
10480.000 1.376
10485.000 1.372
10490.000 1.415
10495.000 1.469
10500.000 1.514
10505.000 1.614
10510.000 1.683
10515.000 1.848
10520.000 2.071
10525.000 2.209
10530.000 2.514
10535.000 2.687
10540.000 3.043
10545.000 3.350
10550.000 3.445
10555.000 3.468
10560.000 3.401
10565.000 3.168
10570.000 2.892
10575.000 2.761
10580.000 2.523
10585.000 2.431
10590.000 2.272
10595.000 2.145
10600.000 2.092
10605.000 2.010
10610.000 1.982
10615.000 1.926
10620.000 1.903
10625.000 1.876
10630.000 1.849
10635.000 1.846
10640.000 1.840
10645.000 1.854
10650.000 1.878
10655.000 1.918
10660.000 1.940
10665.000 1.988
10670.000 2.024
10675.000 2.098
10680.000 2.198
10685.000 2.269
10690.000 2.431
10695.000 2.526
10700.000 2.772
10705.000 3.079
10710.000 3.266
10715.000 3.715
10720.000 3.966
10725.000 4.535
10730.000 5.119
10735.000 5.359
10740.000 5.665
10745.000 5.675
10750.000 5.419
10755.000 4.970
10760.000 4.735
10765.000 4.340
10770.000 4.173
10775.000 3.926
10780.000 3.782
10785.000 3.746
10790.000 3.715
10795.000 3.727
10800.000 3.791
10805.000 3.845
10810.000 3.856
10815.000 3.780
10820.000 3.671
10825.000 3.327
10830.000 2.907
10835.000 2.693
10840.000 2.329
10845.000 2.173
10850.000 1.918
10855.000 1.730
10860.000 1.646
10865.000 1.510
10870.000 1.457
10875.000 1.360
10880.000 1.294
10885.000 1.261
10890.000 1.209
10895.000 1.192
10900.000 1.153
10905.000 1.132
10910.000 1.121
10915.000 1.105
10920.000 1.101
10925.000 1.102
10930.000 1.115
10935.000 1.125
10940.000 1.141
10945.000 1.162
10950.000 1.207
10955.000 1.243
10960.000 1.258
10965.000 1.308
10970.000 1.330
10975.000 1.390
10980.000 1.457
10985.000 1.501
10990.000 1.588
10995.000 1.651
11000.000 1.773
11005.000 1.904
11010.000 1.963
11015.000 2.036
11020.000 2.038
11025.000 1.960
11030.000 1.762
11035.000 1.656
11040.000 1.414
11045.000 1.321
11050.000 1.143
11055.000 0.984
11060.000 0.921
11065.000 0.810
11070.000 0.756
11075.000 0.679
11080.000 0.606
11085.000 0.591
11090.000 0.560
11095.000 0.558
11100.000 0.587
11105.000 0.669
11110.000 0.729
11115.000 0.812
11120.000 0.852
11125.000 0.894
11130.000 0.904
11135.000 0.907
11140.000 0.903
11145.000 0.905
11150.000 0.897
11155.000 0.898
11160.000 0.898
11165.000 0.912
11170.000 0.916
11175.000 0.919
11180.000 0.927
11185.000 0.915
11190.000 0.878
11195.000 0.864
11200.000 0.795
11205.000 0.727
11210.000 0.694
11215.000 0.641
11220.000 0.622
11225.000 0.603
11230.000 0.596
11235.000 0.584
11240.000 0.581
11245.000 0.577
11250.000 0.578
11255.000 0.575
11260.000 0.569
11265.000 0.575
11270.000 0.571
11275.000 0.569
11280.000 0.577
11285.000 0.568
11290.000 0.567
11295.000 0.575
11300.000 0.568
11305.000 0.572
11310.000 0.569
11315.000 0.572
11320.000 0.572
11325.000 0.571
11330.000 0.572
11335.000 0.573
11340.000 0.571
11345.000 0.571
11350.000 0.572
11355.000 0.566
11360.000 0.573
11365.000 0.573
11370.000 0.569
11375.000 0.575
11380.000 0.565
11385.000 0.562
11390.000 0.571
11395.000 0.567
11400.000 0.571
11405.000 0.569
11410.000 0.579
11415.000 0.570
11420.000 0.569
11425.000 0.568
11430.000 0.564
11435.000 0.571
11440.000 0.571
11445.000 0.570
11450.000 0.571
11455.000 0.568
11460.000 0.573
11465.000 0.573
11470.000 0.569
11475.000 0.571
11480.000 0.572
11485.000 0.574
11490.000 0.568
11495.000 0.566
11500.000 0.567
11505.000 0.570
11510.000 0.570
11515.000 0.566
11520.000 0.565
11525.000 0.568
11530.000 0.574
11535.000 0.564
11540.000 0.572
11545.000 0.574
11550.000 0.571
11555.000 0.569
11560.000 0.566
11565.000 0.565
11570.000 0.569
11575.000 0.571
11580.000 0.564
11585.000 0.569
11590.000 0.568
11595.000 0.568
11600.000 0.568
11605.000 0.570
11610.000 0.565
11615.000 0.565
11620.000 0.564
11625.000 0.569
11630.000 0.567
11635.000 0.571
11640.000 0.567
11645.000 0.566
11650.000 0.569
11655.000 0.568
11660.000 0.566
11665.000 0.567
11670.000 0.570
11675.000 0.562
11680.000 0.566
11685.000 0.565
11690.000 0.561
11695.000 0.563
11700.000 0.566
11705.000 0.563
11710.000 0.568
11715.000 0.562
11720.000 0.572
11725.000 0.570
11730.000 0.562
11735.000 0.570
11740.000 0.568
11745.000 0.566
11750.000 0.570
11755.000 0.567
11760.000 0.564
11765.000 0.560
11770.000 0.561
11775.000 0.566
11780.000 0.566
11785.000 0.566
11790.000 0.561
11795.000 0.562
11800.000 0.568
11805.000 0.559
11810.000 0.564
11815.000 0.565
11820.000 0.566
11825.000 0.555
11830.000 0.564
11835.000 0.566
11840.000 0.559
11845.000 0.565
11850.000 0.563
11855.000 0.563
11860.000 0.570
11865.000 0.568
11870.000 0.559
11875.000 0.564
11880.000 0.566
11885.000 0.564
11890.000 0.559
11895.000 0.565
11900.000 0.571
11905.000 0.562
11910.000 0.566
11915.000 0.556
11920.000 0.563
11925.000 0.562
11930.000 0.562
11935.000 0.564
11940.000 0.564
11945.000 0.558
11950.000 0.561
11955.000 0.559
11960.000 0.569
11965.000 0.566
11970.000 0.567
11975.000 0.556
11980.000 0.566
11985.000 0.567
11990.000 0.561
11995.000 0.557
12000.000 0.562
