5.000 0.891
10.000 1.405
15.000 0.524
20.000 1.113
25.000 0.501
30.000 0.705
35.000 0.825
40.000 1.054
45.000 0.897
50.000 1.163
55.000 2.115
60.000 1.311
65.000 1.838
70.000 1.804
75.000 1.378
80.000 2.130
85.000 1.882
90.000 2.465
95.000 3.343
100.000 3.502
105.000 3.663
110.000 2.656
115.000 3.657
120.000 2.651
125.000 3.140
130.000 3.976
135.000 3.811
140.000 3.991
145.000 4.199
150.000 4.421
155.000 4.363
160.000 5.052
165.000 4.363
170.000 4.054
175.000 4.102
180.000 5.462
185.000 5.504
190.000 6.007
195.000 5.734
200.000 5.397
205.000 6.300
210.000 6.410
215.000 6.889
220.000 6.792
225.000 6.960
230.000 6.779
235.000 6.921
240.000 7.461
245.000 8.089
250.000 7.917
255.000 8.056
260.000 9.050
265.000 8.780
270.000 9.674
275.000 9.242
280.000 10.722
285.000 9.802
290.000 10.302
295.000 11.272
300.000 11.071
305.000 11.259
310.000 11.791
315.000 12.873
320.000 13.068
325.000 13.538
330.000 15.140
335.000 15.892
340.000 16.542
345.000 16.220
350.000 17.213
355.000 17.812
360.000 18.880
365.000 20.819
370.000 20.498
375.000 21.172
380.000 23.084
385.000 24.525
390.000 26.190
395.000 27.173
400.000 29.225
405.000 30.169
410.000 32.463
415.000 33.429
420.000 35.617
425.000 37.863
430.000 38.590
435.000 41.039
440.000 42.199
445.000 42.425
450.000 44.495
455.000 44.294
460.000 44.242
465.000 44.053
470.000 42.977
475.000 42.765
480.000 42.244
485.000 40.733
490.000 40.275
495.000 38.876
500.000 37.720
505.000 37.790
510.000 35.697
515.000 35.864
520.000 34.110
525.000 34.011
530.000 33.152
535.000 33.050
540.000 33.220
545.000 31.385
550.000 31.219
555.000 30.710
560.000 30.995
565.000 30.205
570.000 30.614
575.000 30.290
580.000 30.148
585.000 30.237
590.000 30.886
595.000 30.622
600.000 30.827
605.000 31.008
610.000 30.938
615.000 32.522
620.000 33.948
625.000 33.536
630.000 34.540
635.000 36.275
640.000 37.174
645.000 39.148
650.000 42.058
655.000 41.822
660.000 44.722
665.000 46.632
670.000 50.070
675.000 51.973
680.000 55.641
685.000 60.485
690.000 63.348
695.000 61.575
700.000 62.585
705.000 58.076
710.000 54.932
715.000 51.246
720.000 44.580
725.000 39.129
730.000 36.247
735.000 31.493
740.000 29.425
745.000 25.513
750.000 22.660
755.000 21.388
760.000 18.978
765.000 16.928
770.000 15.865
775.000 15.202
780.000 13.738
785.000 12.456
790.000 11.397
795.000 10.807
800.000 10.415
805.000 9.637
810.000 8.992
815.000 8.611
820.000 7.909
825.000 7.290
830.000 6.995
835.000 6.561
840.000 6.265
845.000 5.856
850.000 5.469
855.000 5.339
860.000 5.125
865.000 4.829
870.000 4.588
875.000 4.305
880.000 4.221
885.000 3.991
890.000 3.903
895.000 3.735
900.000 3.664
905.000 3.462
910.000 3.299
915.000 3.266
920.000 3.137
925.000 3.013
930.000 2.895
935.000 2.924
940.000 2.783
945.000 2.751
950.000 2.721
955.000 2.624
960.000 2.585
965.000 2.565
970.000 2.494
975.000 2.486
980.000 2.456
985.000 2.401
990.000 2.418
995.000 2.424
1000.000 2.382
1005.000 2.382
1010.000 2.406
1015.000 2.405
1020.000 2.388
1025.000 2.412
1030.000 2.432
1035.000 2.429
1040.000 2.499
1045.000 2.494
1050.000 2.528
1055.000 2.568
1060.000 2.609
1065.000 2.606
1070.000 2.650
1075.000 2.658
1080.000 2.697
1085.000 2.732
1090.000 2.743
1095.000 2.811
1100.000 2.853
1105.000 2.868
1110.000 2.905
1115.000 2.920
1120.000 2.976
1125.000 3.012
1130.000 3.054
1135.000 3.109
1140.000 3.160
1145.000 3.255
1150.000 3.290
1155.000 3.383
1160.000 3.458
1165.000 3.670
1170.000 3.878
1175.000 4.014
1180.000 4.334
1185.000 4.688
1190.000 4.921
1195.000 5.386
1200.000 5.646
1205.000 6.152
1210.000 6.420
1215.000 7.045
1220.000 7.684
1225.000 8.348
1230.000 8.687
1235.000 9.445
1240.000 9.763
1245.000 10.660
1250.000 11.416
1255.000 11.904
1260.000 12.409
1265.000 13.370
1270.000 14.620
1275.000 16.024
1280.000 16.749
1285.000 17.519
1290.000 19.369
1295.000 21.408
1300.000 22.633
1305.000 25.280
1310.000 26.891
1315.000 30.564
1320.000 34.978
1325.000 37.667
1330.000 43.745
1335.000 50.946
1340.000 54.736
1345.000 61.727
1350.000 65.806
1355.000 65.817
1360.000 61.683
1365.000 58.029
1370.000 50.056
1375.000 46.352
1380.000 39.880
1385.000 37.184
1390.000 32.495
1395.000 28.784
1400.000 25.739
1405.000 24.550
1410.000 23.404
1415.000 21.442
1420.000 19.655
1425.000 18.239
1430.000 17.600
1435.000 16.454
1440.000 15.899
1445.000 15.437
1450.000 14.584
1455.000 13.822
1460.000 13.145
1465.000 12.817
1470.000 12.562
1475.000 12.019
1480.000 11.524
1485.000 11.315
1490.000 10.926
1495.000 10.750
1500.000 10.411
1505.000 10.116
1510.000 9.832
1515.000 9.707
1520.000 9.596
1525.000 9.356
1530.000 9.157
1535.000 8.970
1540.000 8.910
1545.000 8.831
1550.000 8.691
1555.000 8.584
1560.000 8.520
1565.000 8.404
1570.000 8.364
1575.000 8.280
1580.000 8.210
1585.000 8.182
1590.000 8.151
1595.000 8.121
1600.000 8.115
1605.000 8.070
1610.000 8.056
1615.000 8.058
1620.000 8.074
1625.000 8.046
1630.000 8.080
1635.000 8.080
1640.000 8.099
1645.000 8.131
1650.000 8.150
1655.000 8.209
1660.000 8.217
1665.000 8.261
1670.000 8.327
1675.000 8.356
1680.000 8.413
1685.000 8.436
1690.000 8.538
1695.000 8.649
1700.000 8.641
1705.000 8.743
1710.000 8.820
1715.000 8.887
1720.000 8.933
1725.000 9.034
1730.000 9.167
1735.000 9.242
1740.000 9.358
1745.000 9.435
1750.000 9.536
1755.000 9.677
1760.000 9.748
1765.000 9.901
1770.000 10.047
1775.000 10.128
1780.000 10.292
1785.000 10.343
1790.000 10.533
1795.000 10.628
1800.000 10.776
1805.000 10.976
1810.000 11.059
1815.000 11.240
1820.000 11.325
1825.000 11.532
1830.000 11.725
1835.000 11.819
1840.000 12.021
1845.000 12.104
1850.000 12.324
1855.000 12.530
1860.000 12.643
1865.000 12.834
1870.000 13.052
1875.000 13.176
1880.000 13.386
1885.000 13.485
1890.000 13.716
1895.000 13.845
1900.000 14.055
1905.000 14.317
1910.000 14.394
1915.000 14.640
1920.000 14.859
1925.000 14.970
1930.000 15.230
1935.000 15.334
1940.000 15.568
1945.000 15.691
1950.000 15.931
1955.000 16.179
1960.000 16.285
1965.000 16.531
1970.000 16.659
1975.000 16.917
1980.000 17.153
1985.000 17.288
1990.000 17.550
1995.000 17.678
2000.000 17.943
2005.000 18.206
2010.000 18.344
2015.000 18.628
2020.000 18.777
2025.000 19.089
2030.000 19.387
2035.000 19.562
2040.000 19.888
2045.000 20.069
2050.000 20.400
2055.000 20.760
2060.000 20.963
2065.000 21.368
2070.000 21.560
2075.000 21.991
2080.000 22.217
2085.000 22.673
2090.000 23.181
2095.000 23.441
2100.000 23.987
2105.000 24.569
2110.000 24.880
2115.000 25.539
2120.000 25.875
2125.000 26.624
2130.000 26.985
2135.000 27.821
2140.000 28.675
2145.000 29.173
2150.000 30.168
2155.000 31.266
2160.000 31.867
2165.000 33.139
2170.000 33.806
2175.000 35.268
2180.000 36.060
2185.000 37.774
2190.000 39.665
2195.000 40.716
2200.000 42.970
2205.000 44.208
2210.000 46.890
2215.000 49.959
2220.000 51.679
2225.000 55.431
2230.000 59.844
2235.000 62.286
2240.000 67.840
2245.000 74.439
2250.000 78.181
2255.000 86.720
2260.000 91.527
2265.000 102.334
2270.000 108.299
2275.000 120.310
2280.000 125.464
2285.000 131.486
2290.000 134.321
2295.000 134.733
2300.000 133.632
2305.000 131.983
2310.000 125.967
2315.000 113.939
2320.000 107.352
2325.000 95.304
2330.000 89.380
2335.000 80.013
2340.000 72.222
2345.000 68.812
2350.000 62.781
2355.000 60.123
2360.000 55.443
2365.000 51.447
2370.000 49.646
2375.000 46.446
2380.000 44.983
2385.000 42.361
2390.000 40.034
2395.000 38.998
2400.000 37.078
2405.000 36.197
2410.000 34.573
2415.000 33.145
2420.000 32.488
2425.000 31.246
2430.000 30.681
2435.000 29.627
2440.000 28.691
2445.000 28.250
2450.000 27.438
2455.000 26.705
2460.000 26.337
2465.000 25.735
2470.000 25.432
2475.000 24.898
2480.000 24.650
2485.000 24.184
2490.000 23.755
2495.000 23.590
2500.000 23.233
2505.000 22.915
2510.000 22.795
2515.000 22.517
2520.000 22.408
2525.000 22.231
2530.000 22.063
2535.000 21.988
2540.000 21.877
2545.000 21.845
2550.000 21.774
2555.000 21.730
2560.000 21.768
2565.000 21.774
2570.000 21.784
2575.000 21.872
2580.000 21.972
2585.000 22.045
2590.000 22.225
2595.000 22.313
2600.000 22.532
2605.000 22.792
2610.000 22.934
2615.000 23.266
2620.000 23.459
2625.000 23.890
2630.000 24.140
2635.000 24.618
2640.000 25.178
2645.000 25.515
2650.000 26.190
2655.000 26.950
2660.000 27.363
2665.000 27.819
2670.000 28.786
2675.000 29.908
2680.000 30.521
2685.000 31.874
2690.000 33.429
2695.000 34.259
2700.000 36.187
2705.000 37.243
2710.000 39.620
2715.000 42.428
2720.000 44.012
2725.000 47.617
2730.000 51.858
2735.000 54.337
2740.000 57.062
2745.000 63.360
2750.000 71.077
2755.000 75.570
2760.000 85.863
2765.000 97.872
2770.000 104.227
2775.000 115.928
2780.000 120.169
2785.000 123.386
2790.000 121.928
2795.000 112.123
2800.000 97.673
2805.000 90.414
2810.000 77.416
2815.000 71.795
2820.000 62.286
2825.000 54.685
2830.000 51.452
2835.000 45.914
2840.000 43.546
2845.000 39.388
2850.000 35.914
2855.000 33.006
2860.000 31.694
2865.000 29.366
2870.000 28.335
2875.000 26.427
2880.000 25.571
2885.000 24.023
2890.000 23.321
2895.000 22.047
2900.000 20.871
2905.000 20.352
2910.000 19.382
2915.000 18.918
2920.000 18.093
2925.000 17.272
2930.000 16.906
2935.000 16.264
2940.000 15.948
2945.000 15.371
2950.000 14.836
2955.000 14.587
2960.000 14.133
2965.000 13.928
2970.000 13.512
2975.000 13.136
2980.000 12.937
2985.000 12.607
2990.000 12.287
2995.000 12.164
3000.000 11.874
3005.000 11.748
3010.000 11.503
3015.000 11.377
3020.000 11.166
3025.000 10.966
3030.000 10.874
3035.000 10.697
3040.000 10.538
3045.000 10.450
3050.000 10.328
3055.000 10.237
3060.000 10.133
3065.000 10.075
3070.000 9.963
3075.000 9.867
3080.000 9.824
3085.000 9.754
3090.000 9.727
3095.000 9.651
3100.000 9.613
3105.000 9.590
3110.000 9.559
3115.000 9.522
3120.000 9.522
3125.000 9.504
3130.000 9.513
3135.000 9.513
3140.000 9.524
3145.000 9.546
3150.000 9.580
3155.000 9.608
3160.000 9.657
3165.000 9.682
3170.000 9.756
3175.000 9.832
3180.000 9.874
3185.000 9.987
3190.000 10.055
3195.000 10.172
3200.000 10.325
3205.000 10.415
3210.000 10.574
3215.000 10.771
3220.000 10.897
3225.000 11.133
3230.000 11.256
3235.000 11.536
3240.000 11.703
3245.000 12.023
3250.000 12.378
3255.000 12.597
3260.000 13.028
3265.000 13.266
3270.000 13.815
3275.000 14.406
3280.000 14.742
3285.000 15.477
3290.000 15.896
3295.000 16.820
3300.000 17.336
3305.000 18.480
3310.000 19.870
3315.000 21.542
3320.000 22.466
3325.000 24.687
3330.000 25.991
3335.000 29.102
3340.000 30.967
3345.000 35.465
3350.000 38.211
3355.000 44.879
3360.000 53.319
3365.000 62.909
3370.000 67.276
3375.000 71.893
3380.000 70.684
3385.000 61.227
3390.000 54.958
3395.000 43.855
3400.000 35.628
3405.000 32.426
3410.000 27.270
3415.000 25.177
3420.000 21.784
3425.000 20.357
3430.000 17.958
3435.000 16.029
3440.000 15.192
3445.000 13.740
3450.000 13.090
3455.000 11.953
3460.000 10.976
3465.000 10.127
3470.000 9.733
3475.000 9.043
3480.000 8.730
3485.000 8.154
3490.000 7.894
3495.000 7.398
3500.000 7.176
3505.000 6.766
3510.000 6.383
3515.000 6.211
3520.000 5.863
3525.000 5.571
3530.000 5.429
3535.000 5.174
3540.000 5.047
3545.000 4.813
3550.000 4.708
3555.000 4.499
3560.000 4.312
3565.000 4.221
3570.000 4.050
3575.000 3.888
3580.000 3.818
3585.000 3.657
3590.000 3.589
3595.000 3.472
3600.000 3.388
3605.000 3.283
3610.000 3.165
3615.000 3.118
3620.000 3.011
3625.000 2.915
3630.000 2.869
3635.000 2.781
3640.000 2.738
3645.000 2.655
3650.000 2.580
3655.000 2.540
3660.000 2.449
3665.000 2.428
3670.000 2.363
3675.000 2.342
3680.000 2.279
3685.000 2.213
3690.000 2.187
3695.000 2.136
3700.000 2.103
3705.000 2.052
3710.000 2.001
3715.000 1.988
3720.000 1.951
3725.000 1.911
3730.000 1.888
3735.000 1.844
3740.000 1.829
3745.000 1.796
3750.000 1.754
3755.000 1.729
3760.000 1.705
3765.000 1.684
3770.000 1.650
3775.000 1.642
3780.000 1.624
3785.000 1.605
3790.000 1.594
3795.000 1.552
3800.000 1.533
3805.000 1.526
3810.000 1.497
3815.000 1.495
3820.000 1.475
3825.000 1.474
3830.000 1.449
3835.000 1.437
3840.000 1.426
3845.000 1.408
3850.000 1.405
3855.000 1.383
3860.000 1.401
3865.000 1.373
3870.000 1.368
3875.000 1.364
3880.000 1.349
3885.000 1.353
3890.000 1.332
3895.000 1.335
3900.000 1.334
3905.000 1.318
3910.000 1.325
3915.000 1.320
3920.000 1.308
3925.000 1.314
3930.000 1.297
3935.000 1.305
3940.000 1.278
3945.000 1.293
3950.000 1.275
3955.000 1.287
3960.000 1.293
3965.000 1.268
3970.000 1.284
3975.000 1.274
3980.000 1.263
3985.000 1.270
3990.000 1.269
3995.000 1.268
4000.000 1.268
4005.000 1.265
4010.000 1.274
4015.000 1.255
4020.000 1.272
4025.000 1.268
4030.000 1.271
4035.000 1.272
4040.000 1.255
4045.000 1.256
4050.000 1.248
4055.000 1.238
4060.000 1.222
4065.000 1.228
4070.000 1.212
4075.000 1.202
4080.000 1.200
4085.000 1.183
4090.000 1.171
4095.000 1.167
4100.000 1.160
4105.000 1.162
4110.000 1.166
4115.000 1.164
4120.000 1.172
4125.000 1.191
4130.000 1.199
4135.000 1.202
4140.000 1.225
4145.000 1.250
4150.000 1.253
4155.000 1.275
4160.000 1.311
4165.000 1.329
4170.000 1.355
4175.000 1.378
4180.000 1.405
4185.000 1.425
4190.000 1.474
4195.000 1.509
4200.000 1.540
4205.000 1.593
4210.000 1.608
4215.000 1.671
4220.000 1.724
4225.000 1.752
4230.000 1.814
4235.000 1.884
4240.000 1.914
4245.000 1.989
4250.000 2.030
4255.000 2.094
4260.000 2.135
4265.000 2.233
4270.000 2.322
4275.000 2.377
4280.000 2.474
4285.000 2.582
4290.000 2.646
4295.000 2.759
4300.000 2.825
4305.000 2.970
4310.000 3.040
4315.000 3.180
4320.000 3.357
4325.000 3.416
4330.000 3.623
4335.000 3.708
4340.000 3.912
4345.000 4.136
4350.000 4.265
4355.000 4.510
4360.000 4.781
4365.000 4.936
4370.000 5.241
4375.000 5.425
4380.000 5.771
4385.000 6.155
4390.000 6.371
4395.000 6.830
4400.000 7.062
4405.000 7.582
4410.000 7.904
4415.000 8.511
4420.000 8.842
4425.000 9.568
4430.000 10.385
4435.000 11.307
4440.000 11.807
4445.000 12.340
4450.000 13.502
4455.000 14.862
4460.000 15.608
4465.000 17.253
4470.000 18.168
4475.000 20.377
4480.000 22.932
4485.000 26.004
4490.000 27.793
4495.000 31.968
4500.000 34.501
4505.000 40.418
4510.000 43.960
4515.000 52.744
4520.000 64.266
4525.000 71.353
4530.000 88.308
4535.000 107.686
4540.000 116.614
4545.000 124.480
4550.000 123.315
4555.000 109.353
4560.000 91.180
4565.000 83.334
4570.000 76.621
4575.000 65.887
4580.000 57.875
4585.000 54.614
4590.000 49.181
4595.000 44.882
4600.000 43.071
4605.000 39.980
4610.000 37.370
4615.000 36.212
4620.000 35.179
4625.000 33.349
4630.000 31.778
4635.000 31.067
4640.000 29.800
4645.000 28.678
4650.000 28.186
4655.000 27.287
4660.000 26.885
4665.000 26.149
4670.000 25.499
4675.000 25.208
4680.000 24.682
4685.000 24.438
4690.000 24.010
4695.000 23.644
4700.000 23.497
4705.000 23.203
4710.000 23.087
4715.000 22.889
4720.000 22.740
4725.000 22.660
4730.000 22.594
4735.000 22.573
4740.000 22.565
4745.000 22.596
4750.000 22.636
4755.000 22.681
4760.000 22.815
4765.000 23.011
4770.000 23.108
4775.000 23.383
4780.000 23.540
4785.000 23.914
4790.000 24.349
4795.000 24.586
4800.000 25.147
4805.000 25.786
4810.000 26.148
4815.000 26.947
4820.000 27.861
4825.000 28.396
4830.000 28.973
4835.000 30.199
4840.000 31.648
4845.000 32.483
4850.000 34.315
4855.000 36.494
4860.000 37.722
4865.000 40.548
4870.000 43.969
4875.000 45.978
4880.000 50.681
4885.000 53.431
4890.000 60.022
4895.000 68.392
4900.000 73.435
4905.000 79.141
4910.000 92.567
4915.000 108.134
4920.000 115.840
4925.000 124.848
4930.000 125.554
4935.000 118.431
4940.000 99.625
4945.000 81.448
4950.000 73.879
4955.000 67.269
4960.000 56.719
4965.000 48.673
4970.000 45.351
4975.000 39.821
4980.000 37.489
4985.000 33.527
4990.000 30.267
4995.000 27.559
5000.000 26.364
5005.000 25.132
5010.000 23.199
5015.000 21.537
5020.000 20.776
5025.000 19.426
5030.000 18.811
5035.000 17.702
5040.000 16.711
5045.000 16.253
5050.000 15.427
5055.000 15.037
5060.000 14.338
5065.000 13.705
5070.000 13.408
5075.000 12.847
5080.000 12.604
5085.000 12.142
5090.000 11.709
5095.000 11.508
5100.000 11.132
5105.000 10.958
5110.000 10.629
5115.000 10.319
5120.000 10.175
5125.000 9.918
5130.000 9.675
5135.000 9.563
5140.000 9.348
5145.000 9.267
5150.000 9.087
5155.000 8.918
5160.000 8.834
5165.000 8.689
5170.000 8.630
5175.000 8.501
5180.000 8.463
5185.000 8.349
5190.000 8.267
5195.000 8.238
5200.000 8.166
5205.000 8.129
5210.000 8.087
5215.000 8.050
5220.000 8.033
5225.000 8.023
5230.000 8.021
5235.000 8.024
5240.000 8.037
5245.000 8.061
5250.000 8.074
5255.000 8.088
5260.000 8.156
5265.000 8.236
5270.000 8.311
5275.000 8.356
5280.000 8.469
5285.000 8.538
5290.000 8.678
5295.000 8.763
5300.000 8.949
5305.000 9.142
5310.000 9.270
5315.000 9.523
5320.000 9.665
5325.000 9.971
5330.000 10.131
5335.000 10.527
5340.000 10.956
5345.000 11.207
5350.000 11.740
5355.000 12.355
5360.000 12.720
5365.000 13.095
5370.000 13.974
5375.000 15.017
5380.000 15.609
5385.000 17.022
5390.000 17.802
5395.000 19.705
5400.000 22.128
5405.000 23.567
5410.000 27.092
5415.000 29.227
5420.000 34.341
5425.000 40.615
5430.000 43.951
5435.000 49.542
5440.000 50.744
5445.000 48.088
5450.000 40.163
5455.000 35.966
5460.000 28.934
5465.000 26.144
5470.000 21.754
5475.000 18.471
5480.000 17.124
5485.000 14.926
5490.000 13.185
5495.000 12.429
5500.000 11.157
5505.000 10.089
5510.000 9.620
5515.000 9.183
5520.000 8.420
5525.000 7.772
5530.000 7.197
5535.000 6.936
5540.000 6.685
5545.000 6.258
5550.000 5.869
5555.000 5.517
5560.000 5.363
5565.000 5.206
5570.000 4.921
5575.000 4.665
5580.000 4.422
5585.000 4.319
5590.000 4.217
5595.000 4.021
5600.000 3.834
5605.000 3.755
5610.000 3.593
5615.000 3.460
5620.000 3.390
5625.000 3.256
5630.000 3.197
5635.000 3.074
5640.000 3.019
5645.000 2.915
5650.000 2.824
5655.000 2.780
5660.000 2.689
5665.000 2.629
5670.000 2.570
5675.000 2.493
5680.000 2.441
5685.000 2.378
5690.000 2.341
5695.000 2.281
5700.000 2.229
5705.000 2.195
5710.000 2.131
5715.000 2.092
5720.000 2.072
5725.000 2.007
5730.000 1.992
5735.000 1.950
5740.000 1.937
5745.000 1.891
5750.000 1.850
5755.000 1.828
5760.000 1.788
5765.000 1.757
5770.000 1.733
5775.000 1.709
5780.000 1.704
5785.000 1.667
5790.000 1.643
5795.000 1.618
5800.000 1.590
5805.000 1.581
5810.000 1.552
5815.000 1.537
5820.000 1.516
5825.000 1.498
5830.000 1.484
5835.000 1.468
5840.000 1.451
5845.000 1.442
5850.000 1.415
5855.000 1.401
5860.000 1.383
5865.000 1.369
5870.000 1.355
5875.000 1.349
5880.000 1.340
5885.000 1.328
5890.000 1.318
5895.000 1.303
5900.000 1.294
5905.000 1.284
5910.000 1.266
5915.000 1.261
5920.000 1.248
5925.000 1.251
5930.000 1.241
5935.000 1.219
5940.000 1.205
5945.000 1.208
5950.000 1.192
5955.000 1.201
5960.000 1.187
5965.000 1.178
5970.000 1.169
5975.000 1.152
5980.000 1.158
5985.000 1.160
5990.000 1.149
5995.000 1.141
6000.000 1.137
6005.000 1.139
6010.000 1.127
6015.000 1.116
6020.000 1.121
6025.000 1.108
6030.000 1.109
6035.000 1.105
6040.000 1.102
6045.000 1.096
6050.000 1.088
6055.000 1.096
6060.000 1.093
6065.000 1.083
6070.000 1.085
6075.000 1.086
6080.000 1.077
6085.000 1.078
6090.000 1.073
6095.000 1.077
6100.000 1.061
6105.000 1.068
6110.000 1.074
6115.000 1.058
6120.000 1.068
6125.000 1.063
6130.000 1.064
6135.000 1.054
6140.000 1.054
6145.000 1.052
6150.000 1.065
6155.000 1.051
6160.000 1.063
6165.000 1.066
6170.000 1.053
6175.000 1.061
6180.000 1.060
6185.000 1.058
6190.000 1.068
6195.000 1.057
6200.000 1.061
6205.000 1.065
6210.000 1.067
6215.000 1.070
6220.000 1.070
6225.000 1.066
6230.000 1.075
6235.000 1.073
6240.000 1.080
6245.000 1.079
6250.000 1.081
6255.000 1.081
6260.000 1.083
6265.000 1.090
6270.000 1.099
6275.000 1.100
6280.000 1.111
6285.000 1.105
6290.000 1.106
6295.000 1.119
6300.000 1.122
6305.000 1.133
6310.000 1.132
6315.000 1.132
6320.000 1.149
6325.000 1.161
6330.000 1.159
6335.000 1.175
6340.000 1.178
6345.000 1.187
6350.000 1.189
6355.000 1.192
6360.000 1.215
6365.000 1.211
6370.000 1.227
6375.000 1.229
6380.000 1.241
6385.000 1.259
6390.000 1.262
6395.000 1.266
6400.000 1.280
6405.000 1.295
6410.000 1.313
6415.000 1.316
6420.000 1.337
6425.000 1.367
6430.000 1.364
6435.000 1.387
6440.000 1.393
6445.000 1.416
6450.000 1.424
6455.000 1.450
6460.000 1.484
6465.000 1.482
6470.000 1.521
6475.000 1.545
6480.000 1.552
6485.000 1.587
6490.000 1.597
6495.000 1.635
6500.000 1.654
6505.000 1.683
6510.000 1.691
6515.000 1.738
6520.000 1.783
6525.000 1.825
6530.000 1.842
6535.000 1.888
6540.000 1.911
6545.000 1.965
6550.000 2.024
6555.000 2.052
6560.000 2.078
6565.000 2.134
6570.000 2.207
6575.000 2.278
6580.000 2.320
6585.000 2.353
6590.000 2.439
6595.000 2.527
6600.000 2.577
6605.000 2.671
6610.000 2.715
6615.000 2.826
6620.000 2.943
6625.000 3.013
6630.000 3.138
6635.000 3.283
6640.000 3.367
6645.000 3.538
6650.000 3.725
6655.000 3.807
6660.000 3.904
6665.000 4.127
6670.000 4.368
6675.000 4.506
6680.000 4.782
6685.000 4.934
6690.000 5.282
6695.000 5.663
6700.000 6.094
6705.000 6.339
6710.000 6.596
6715.000 7.156
6720.000 7.830
6725.000 8.615
6730.000 9.043
6735.000 9.542
6740.000 10.647
6745.000 12.001
6750.000 12.801
6755.000 14.716
6760.000 17.102
6765.000 18.561
6770.000 22.142
6775.000 26.812
6780.000 29.626
6785.000 36.493
6790.000 39.910
6795.000 45.352
6800.000 46.362
6805.000 43.546
6810.000 36.962
6815.000 33.684
6820.000 28.246
6825.000 26.109
6830.000 22.633
6835.000 21.254
6840.000 18.972
6845.000 17.204
6850.000 16.466
6855.000 15.210
6860.000 14.673
6865.000 13.764
6870.000 13.005
6875.000 12.687
6880.000 12.113
6885.000 11.870
6890.000 11.429
6895.000 11.058
6900.000 10.895
6905.000 10.628
6910.000 10.515
6915.000 10.302
6920.000 10.142
6925.000 10.070
6930.000 9.994
6935.000 9.927
6940.000 9.869
6945.000 9.862
6950.000 9.863
6955.000 9.882
6960.000 9.902
6965.000 9.980
6970.000 10.080
6975.000 10.153
6980.000 10.312
6985.000 10.482
6990.000 10.591
6995.000 10.833
7000.000 10.980
7005.000 11.300
7010.000 11.662
7015.000 11.881
7020.000 12.335
7025.000 12.605
7030.000 13.183
7035.000 13.506
7040.000 14.251
7045.000 15.127
7050.000 15.604
7055.000 16.735
7060.000 17.368
7065.000 18.836
7070.000 20.622
7075.000 21.665
7080.000 24.124
7085.000 25.741
7090.000 29.241
7095.000 33.589
7100.000 36.113
7105.000 41.858
7110.000 47.834
7115.000 50.388
7120.000 52.259
7125.000 52.410
7130.000 47.528
7135.000 44.022
7140.000 36.970
7145.000 33.866
7150.000 28.629
7155.000 24.585
7160.000 22.902
7165.000 20.132
7170.000 18.939
7175.000 16.912
7180.000 15.319
7185.000 13.978
7190.000 13.375
7195.000 12.337
7200.000 11.880
7205.000 11.056
7210.000 10.353
7215.000 10.020
7220.000 9.732
7225.000 9.174
7230.000 8.690
7235.000 8.275
7240.000 8.075
7245.000 7.887
7250.000 7.562
7255.000 7.251
7260.000 6.980
7265.000 6.865
7270.000 6.738
7275.000 6.517
7280.000 6.332
7285.000 6.156
7290.000 6.057
7295.000 5.992
7300.000 5.843
7305.000 5.705
7310.000 5.581
7315.000 5.544
7320.000 5.481
7325.000 5.397
7330.000 5.312
7335.000 5.254
7340.000 5.218
7345.000 5.183
7350.000 5.135
7355.000 5.099
7360.000 5.082
7365.000 5.061
7370.000 5.043
7375.000 5.031
7380.000 5.024
7385.000 5.039
7390.000 5.048
7395.000 5.060
7400.000 5.091
7405.000 5.128
7410.000 5.159
7415.000 5.210
7420.000 5.258
7425.000 5.335
7430.000 5.442
7435.000 5.490
7440.000 5.610
7445.000 5.769
7450.000 5.841
7455.000 6.032
7460.000 6.140
7465.000 6.382
7470.000 6.497
7475.000 6.810
7480.000 7.157
7485.000 7.355
7490.000 7.815
7495.000 8.075
7500.000 8.678
7505.000 9.405
7510.000 9.830
7515.000 10.832
7520.000 12.095
7525.000 12.846
7530.000 14.636
7535.000 15.676
7540.000 18.095
7545.000 19.414
7550.000 21.877
7555.000 23.178
7560.000 22.996
7565.000 20.756
7570.000 17.311
7575.000 15.659
7580.000 12.867
7585.000 11.721
7590.000 9.888
7595.000 9.119
7600.000 7.866
7605.000 6.882
7610.000 6.460
7615.000 5.759
7620.000 5.443
7625.000 4.897
7630.000 4.445
7635.000 4.250
7640.000 3.897
7645.000 3.593
7650.000 3.454
7655.000 3.196
7660.000 3.086
7665.000 2.888
7670.000 2.776
7675.000 2.614
7680.000 2.446
7685.000 2.382
7690.000 2.246
7695.000 2.192
7700.000 2.082
7705.000 1.968
7710.000 1.926
7715.000 1.832
7720.000 1.795
7725.000 1.716
7730.000 1.642
7735.000 1.618
7740.000 1.541
7745.000 1.523
7750.000 1.460
7755.000 1.408
7760.000 1.384
7765.000 1.335
7770.000 1.321
7775.000 1.270
7780.000 1.235
7785.000 1.217
7790.000 1.186
7795.000 1.162
7800.000 1.135
7805.000 1.111
7810.000 1.087
7815.000 1.064
7820.000 1.050
7825.000 1.028
7830.000 1.014
7835.000 0.992
7840.000 0.968
7845.000 0.962
7850.000 0.944
7855.000 0.933
7860.000 0.926
7865.000 0.903
7870.000 0.890
7875.000 0.878
7880.000 0.868
7885.000 0.856
7890.000 0.845
7895.000 0.836
7900.000 0.824
7905.000 0.815
7910.000 0.811
7915.000 0.799
7920.000 0.793
7925.000 0.778
7930.000 0.772
7935.000 0.776
7940.000 0.756
7945.000 0.750
7950.000 0.737
7955.000 0.741
7960.000 0.732
7965.000 0.726
7970.000 0.723
7975.000 0.712
7980.000 0.707
7985.000 0.708
7990.000 0.700
7995.000 0.690
8000.000 0.683
8005.000 0.672
8010.000 0.671
8015.000 0.676
8020.000 0.680
8025.000 0.687
8030.000 0.680
8035.000 0.685
8040.000 0.682
8045.000 0.687
8050.000 0.674
8055.000 0.674
8060.000 0.671
8065.000 0.665
8070.000 0.663
8075.000 0.659
8080.000 0.655
8085.000 0.645
8090.000 0.643
8095.000 0.650
8100.000 0.663
8105.000 0.662
8110.000 0.661
8115.000 0.664
8120.000 0.659
8125.000 0.651
8130.000 0.657
8135.000 0.644
8140.000 0.648
8145.000 0.647
8150.000 0.642
8155.000 0.644
8160.000 0.648
8165.000 0.641
8170.000 0.639
8175.000 0.636
8180.000 0.638
8185.000 0.631
8190.000 0.634
8195.000 0.643
8200.000 0.637
8205.000 0.628
8210.000 0.631
8215.000 0.637
8220.000 0.630
8225.000 0.631
8230.000 0.638
8235.000 0.627
8240.000 0.631
8245.000 0.630
8250.000 0.627
8255.000 0.633
8260.000 0.626
8265.000 0.634
8270.000 0.637
8275.000 0.630
8280.000 0.628
8285.000 0.630
8290.000 0.627
8295.000 0.629
8300.000 0.633
8305.000 0.622
8310.000 0.630
8315.000 0.635
8320.000 0.633
8325.000 0.634
8330.000 0.631
8335.000 0.634
8340.000 0.630
8345.000 0.636
8350.000 0.635
8355.000 0.636
8360.000 0.631
8365.000 0.635
8370.000 0.640
8375.000 0.636
8380.000 0.641
8385.000 0.643
8390.000 0.638
8395.000 0.639
8400.000 0.627
8405.000 0.634
8410.000 0.638
8415.000 0.629
8420.000 0.636
8425.000 0.637
8430.000 0.628
8435.000 0.632
8440.000 0.641
8445.000 0.624
8450.000 0.634
8455.000 0.635
8460.000 0.643
8465.000 0.645
8470.000 0.654
8475.000 0.666
8480.000 0.664
8485.000 0.668
8490.000 0.670
8495.000 0.669
8500.000 0.671
8505.000 0.678
8510.000 0.683
8515.000 0.682
8520.000 0.683
8525.000 0.693
8530.000 0.684
8535.000 0.699
8540.000 0.699
8545.000 0.694
8550.000 0.708
8555.000 0.714
8560.000 0.705
8565.000 0.713
8570.000 0.722
8575.000 0.730
8580.000 0.726
8585.000 0.738
8590.000 0.731
8595.000 0.733
8600.000 0.731
8605.000 0.747
8610.000 0.746
8615.000 0.747
8620.000 0.744
8625.000 0.764
8630.000 0.764
8635.000 0.770
8640.000 0.774
8645.000 0.780
8650.000 0.793
8655.000 0.801
8660.000 0.807
8665.000 0.815
8670.000 0.824
8675.000 0.831
8680.000 0.831
8685.000 0.843
8690.000 0.856
8695.000 0.867
8700.000 0.868
8705.000 0.888
8710.000 0.884
8715.000 0.904
8720.000 0.925
8725.000 0.929
8730.000 0.938
8735.000 0.950
8740.000 0.959
8745.000 0.983
8750.000 1.005
8755.000 1.014
8760.000 1.032
8765.000 1.056
8770.000 1.066
8775.000 1.092
8780.000 1.102
8785.000 1.120
8790.000 1.143
8795.000 1.165
8800.000 1.186
8805.000 1.210
8810.000 1.242
8815.000 1.260
8820.000 1.309
8825.000 1.319
8830.000 1.357
8835.000 1.400
8840.000 1.423
8845.000 1.473
8850.000 1.532
8855.000 1.560
8860.000 1.620
8865.000 1.646
8870.000 1.713
8875.000 1.753
8880.000 1.825
8885.000 1.909
8890.000 1.955
8895.000 2.052
8900.000 2.094
8905.000 2.210
8910.000 2.326
8915.000 2.394
8920.000 2.544
8925.000 2.607
8930.000 2.780
8935.000 2.969
8940.000 3.085
8945.000 3.300
8950.000 3.560
8955.000 3.718
8960.000 4.045
8965.000 4.213
8970.000 4.631
8975.000 4.865
8980.000 5.397
8985.000 6.040
8990.000 6.408
8995.000 7.284
9000.000 8.376
9005.000 9.022
9010.000 10.577
9015.000 11.497
9020.000 13.675
9025.000 14.947
9030.000 17.651
9035.000 20.029
9040.000 20.768
9045.000 20.674
9050.000 19.833
9055.000 17.418
9060.000 14.978
9065.000 13.914
9070.000 12.145
9075.000 11.413
9080.000 10.205
9085.000 9.263
9090.000 8.858
9095.000 8.194
9100.000 7.908
9105.000 7.409
9110.000 7.011
9115.000 6.833
9120.000 6.528
9125.000 6.280
9130.000 6.175
9135.000 5.984
9140.000 5.896
9145.000 5.764
9150.000 5.704
9155.000 5.613
9160.000 5.547
9165.000 5.515
9170.000 5.472
9175.000 5.461
9180.000 5.468
9185.000 5.497
9190.000 5.497
9195.000 5.553
9200.000 5.583
9205.000 5.661
9210.000 5.756
9215.000 5.824
9220.000 5.964
9225.000 6.132
9230.000 6.230
9235.000 6.336
9240.000 6.577
9245.000 6.851
9250.000 7.184
9255.000 7.378
9260.000 7.580
9265.000 8.025
9270.000 8.549
9275.000 8.836
9280.000 9.474
9285.000 9.815
9290.000 10.571
9295.000 11.438
9300.000 12.550
9305.000 13.231
9310.000 14.006
9315.000 15.827
9320.000 17.997
9325.000 20.333
9330.000 21.447
9335.000 22.409
9340.000 23.405
9345.000 22.708
9350.000 21.716
9355.000 19.053
9360.000 17.655
9365.000 15.096
9370.000 13.020
9375.000 12.157
9380.000 10.716
9385.000 10.128
9390.000 9.143
9395.000 8.336
9400.000 7.983
9405.000 7.366
9410.000 7.094
9415.000 6.620
9420.000 6.210
9425.000 6.017
9430.000 5.693
9435.000 5.537
9440.000 5.275
9445.000 5.027
9450.000 4.931
9455.000 4.727
9460.000 4.640
9465.000 4.465
9470.000 4.325
9475.000 4.259
9480.000 4.142
9485.000 4.030
9490.000 3.988
9495.000 3.900
9500.000 3.850
9505.000 3.792
9510.000 3.737
9515.000 3.718
9520.000 3.652
9525.000 3.631
9530.000 3.586
9535.000 3.555
9540.000 3.511
9545.000 3.471
9550.000 3.460
9555.000 3.455
9560.000 3.460
9565.000 3.476
9570.000 3.490
9575.000 3.499
9580.000 3.529
9585.000 3.544
9590.000 3.587
9595.000 3.640
9600.000 3.663
9605.000 3.731
9610.000 3.773
9615.000 3.847
9620.000 3.954
9625.000 4.006
9630.000 4.129
9635.000 4.197
9640.000 4.352
9645.000 4.533
9650.000 4.624
9655.000 4.861
9660.000 5.121
9665.000 5.274
9670.000 5.620
9675.000 5.820
9680.000 6.266
9685.000 6.521
9690.000 7.118
9695.000 7.844
9700.000 8.262
9705.000 9.210
9710.000 9.741
9715.000 10.873
9720.000 11.960
9725.000 12.387
9730.000 12.741
9735.000 12.200
9740.000 11.600
9745.000 10.097
9750.000 9.308
9755.000 7.869
9760.000 6.635
9765.000 6.138
9770.000 5.307
9775.000 4.961
9780.000 4.344
9785.000 4.090
9790.000 3.633
9795.000 3.436
9800.000 3.087
9805.000 2.796
9810.000 2.674
9815.000 2.438
9820.000 2.328
9825.000 2.140
9830.000 1.973
9835.000 1.822
9840.000 1.759
9845.000 1.645
9850.000 1.583
9855.000 1.489
9860.000 1.437
9865.000 1.346
9870.000 1.265
9875.000 1.232
9880.000 1.159
9885.000 1.128
9890.000 1.067
9895.000 1.044
9900.000 0.991
9905.000 0.946
9910.000 0.921
9915.000 0.882
9920.000 0.832
9925.000 0.818
9930.000 0.778
9935.000 0.751
9940.000 0.736
9945.000 0.719
9950.000 0.691
9955.000 0.664
9960.000 0.667
9965.000 0.631
9970.000 0.628
9975.000 0.609
9980.000 0.590
9985.000 0.572
9990.000 0.561
9995.000 0.555
10000.000 0.539
10005.000 0.535
10010.000 0.524
10015.000 0.516
10020.000 0.512
10025.000 0.498
10030.000 0.492
10035.000 0.488
10040.000 0.477
10045.000 0.473
10050.000 0.469
10055.000 0.458
10060.000 0.456
10065.000 0.453
10070.000 0.445
10075.000 0.441
10080.000 0.440
10085.000 0.437
10090.000 0.431
10095.000 0.429
10100.000 0.424
10105.000 0.419
10110.000 0.426
10115.000 0.416
10120.000 0.414
10125.000 0.415
10130.000 0.409
10135.000 0.403
10140.000 0.404
10145.000 0.408
10150.000 0.402
10155.000 0.407
10160.000 0.396
10165.000 0.397
10170.000 0.403
10175.000 0.396
10180.000 0.402
10185.000 0.395
10190.000 0.393
10195.000 0.398
10200.000 0.391
10205.000 0.389
10210.000 0.392
10215.000 0.392
10220.000 0.383
10225.000 0.384
10230.000 0.387
10235.000 0.382
10240.000 0.379
10245.000 0.383
10250.000 0.386
10255.000 0.380
10260.000 0.384
10265.000 0.383
10270.000 0.384
10275.000 0.379
10280.000 0.380
10285.000 0.382
10290.000 0.382
10295.000 0.375
10300.000 0.381
10305.000 0.373
10310.000 0.380
10315.000 0.376
10320.000 0.378
10325.000 0.379
10330.000 0.386
10335.000 0.379
10340.000 0.375
10345.000 0.376
10350.000 0.379
10355.000 0.379
10360.000 0.376
10365.000 0.376
10370.000 0.381
10375.000 0.376
10380.000 0.372
10385.000 0.379
10390.000 0.373
10395.000 0.373
10400.000 0.379
10405.000 0.376
10410.000 0.376
10415.000 0.374
10420.000 0.376
10425.000 0.376
10430.000 0.378
10435.000 0.376
10440.000 0.378
10445.000 0.370
10450.000 0.376
10455.000 0.379
10460.000 0.378
10465.000 0.367
10470.000 0.380
10475.000 0.373
10480.000 0.367
10485.000 0.372
10490.000 0.370
10495.000 0.364
10500.000 0.375
10505.000 0.373
10510.000 0.373
10515.000 0.362
10520.000 0.369
10525.000 0.368
10530.000 0.365
10535.000 0.373
10540.000 0.368
10545.000 0.369
10550.000 0.361
10555.000 0.358
10560.000 0.367
10565.000 0.359
10570.000 0.367
10575.000 0.361
10580.000 0.353
10585.000 0.348
10590.000 0.339
10595.000 0.338
10600.000 0.318
10605.000 0.315
10610.000 0.295
10615.000 0.270
10620.000 0.263
10625.000 0.255
10630.000 0.261
10635.000 0.272
10640.000 0.281
10645.000 0.288
10650.000 0.295
10655.000 0.298
10660.000 0.297
10665.000 0.298
10670.000 0.299
10675.000 0.298
10680.000 0.295
10685.000 0.295
10690.000 0.294
10695.000 0.293
10700.000 0.310
10705.000 0.309
10710.000 0.326
10715.000 0.332
10720.000 0.333
10725.000 0.334
10730.000 0.332
10735.000 0.344
10740.000 0.345
10745.000 0.351
10750.000 0.354
10755.000 0.345
10760.000 0.347
10765.000 0.346
10770.000 0.349
10775.000 0.346
10780.000 0.343
10785.000 0.348
10790.000 0.352
10795.000 0.343
10800.000 0.353
10805.000 0.355
10810.000 0.358
10815.000 0.349
10820.000 0.360
10825.000 0.361
10830.000 0.374
10835.000 0.375
10840.000 0.383
10845.000 0.400
10850.000 0.418
10855.000 0.421
10860.000 0.428
10865.000 0.422
10870.000 0.422
10875.000 0.399
10880.000 0.385
10885.000 0.374
10890.000 0.353
10895.000 0.350
10900.000 0.337
10905.000 0.337
10910.000 0.327
10915.000 0.327
10920.000 0.322
10925.000 0.327
10930.000 0.327
10935.000 0.320
10940.000 0.321
10945.000 0.323
10950.000 0.320
10955.000 0.321
10960.000 0.315
10965.000 0.323
10970.000 0.323
10975.000 0.326
10980.000 0.320
10985.000 0.323
10990.000 0.327
10995.000 0.338
11000.000 0.342
11005.000 0.343
11010.000 0.340
11015.000 0.355
11020.000 0.354
11025.000 0.370
11030.000 0.370
11035.000 0.382
11040.000 0.389
11045.000 0.397
11050.000 0.417
11055.000 0.428
11060.000 0.439
11065.000 0.449
11070.000 0.474
11075.000 0.500
11080.000 0.510
11085.000 0.536
11090.000 0.570
11095.000 0.583
11100.000 0.623
11105.000 0.643
11110.000 0.690
11115.000 0.736
11120.000 0.760
11125.000 0.822
11130.000 0.851
11135.000 0.924
11140.000 0.955
11145.000 1.031
11150.000 1.116
11155.000 1.178
11160.000 1.286
11165.000 1.340
11170.000 1.469
11175.000 1.631
11180.000 1.711
11185.000 1.901
11190.000 2.007
11195.000 2.248
11200.000 2.531
11205.000 2.694
11210.000 3.072
11215.000 3.539
11220.000 3.808
11225.000 4.443
11230.000 4.829
11235.000 5.723
11240.000 6.248
11245.000 7.534
11250.000 8.911
11255.000 9.597
11260.000 10.680
11265.000 10.960
11270.000 10.810
11275.000 9.936
11280.000 9.395
11285.000 8.322
11290.000 7.417
11295.000 7.031
11300.000 6.678
11305.000 6.104
11310.000 5.630
11315.000 5.440
11320.000 5.095
11325.000 4.951
11330.000 4.706
11335.000 4.490
11340.000 4.319
11345.000 4.251
11350.000 4.191
11355.000 4.070
11360.000 3.973
11365.000 3.938
11370.000 3.874
11375.000 3.822
11380.000 3.799
11385.000 3.769
11390.000 3.759
11395.000 3.753
11400.000 3.752
11405.000 3.755
11410.000 3.774
11415.000 3.781
11420.000 3.823
11425.000 3.874
11430.000 3.902
11435.000 3.960
11440.000 4.011
11445.000 4.100
11450.000 4.149
11455.000 4.259
11460.000 4.389
11465.000 4.537
11470.000 4.635
11475.000 4.827
11480.000 4.933
11485.000 5.176
11490.000 5.300
11495.000 5.604
11500.000 5.959
11505.000 6.152
11510.000 6.604
11515.000 7.152
11520.000 7.446
11525.000 7.789
11530.000 8.556
11535.000 9.461
11540.000 9.987
11545.000 11.221
11550.000 12.514
11555.000 13.171
11560.000 14.344
11565.000 14.774
11570.000 15.086
11575.000 14.901
11580.000 13.919
11585.000 12.453
11590.000 11.678
11595.000 10.222
11600.000 9.561
11605.000 8.399
11610.000 7.447
11615.000 7.041
11620.000 6.330
11625.000 6.024
11630.000 5.481
11635.000 5.040
11640.000 4.828
11645.000 4.473
11650.000 4.171
11655.000 4.029
11660.000 3.791
11665.000 3.578
11670.000 3.479
11675.000 3.394
11680.000 3.234
11685.000 3.090
11690.000 3.025
11695.000 2.903
11700.000 2.846
11705.000 2.749
11710.000 2.664
11715.000 2.623
11720.000 2.554
11725.000 2.522
11730.000 2.470
11735.000 2.419
11740.000 2.395
11745.000 2.372
11750.000 2.347
11755.000 2.320
11760.000 2.301
11765.000 2.298
11770.000 2.289
11775.000 2.285
11780.000 2.295
11785.000 2.298
11790.000 2.315
11795.000 2.330
11800.000 2.353
11805.000 2.381
11810.000 2.425
11815.000 2.454
11820.000 2.512
11825.000 2.549
11830.000 2.635
11835.000 2.739
11840.000 2.797
11845.000 2.936
11850.000 3.012
11855.000 3.183
11860.000 3.397
11865.000 3.517
11870.000 3.792
11875.000 4.128
11880.000 4.323
11885.000 4.774
11890.000 5.030
11895.000 5.604
11900.000 5.927
11905.000 6.567
11910.000 6.871
11915.000 7.325
11920.000 7.402
11925.000 7.262
11930.000 6.675
11935.000 5.880
11940.000 5.476
11945.000 4.731
11950.000 4.408
11955.000 3.851
11960.000 3.617
11965.000 3.198
11970.000 2.866
11975.000 2.720
11980.000 2.467
11985.000 2.258
11990.000 2.160
11995.000 1.993
12000.000 1.855
12005.000 1.796
12010.000 1.734
12015.000 1.627
12020.000 1.525
12025.000 1.492
12030.000 1.418
12035.000 1.339
12040.000 1.316
12045.000 1.251
12050.000 1.228
12055.000 1.170
12060.000 1.149
12065.000 1.111
12070.000 1.069
12075.000 1.031
12080.000 1.014
12085.000 0.987
12090.000 0.967
12095.000 0.946
12100.000 0.914
12105.000 0.907
12110.000 0.900
12115.000 0.877
12120.000 0.851
12125.000 0.838
12130.000 0.825
12135.000 0.811
12140.000 0.801
12145.000 0.796
12150.000 0.787
12155.000 0.773
12160.000 0.767
12165.000 0.751
12170.000 0.751
12175.000 0.745
12180.000 0.732
12185.000 0.726
12190.000 0.724
12195.000 0.725
12200.000 0.721
12205.000 0.715
12210.000 0.702
12215.000 0.692
12220.000 0.680
12225.000 0.670
12230.000 0.648
12235.000 0.649
12240.000 0.635
12245.000 0.623
12250.000 0.618
12255.000 0.621
12260.000 0.625
12265.000 0.615
12270.000 0.607
12275.000 0.603
12280.000 0.603
12285.000 0.598
12290.000 0.599
12295.000 0.590
12300.000 0.586
12305.000 0.578
12310.000 0.571
12315.000 0.562
12320.000 0.554
12325.000 0.551
12330.000 0.555
12335.000 0.545
12340.000 0.536
12345.000 0.540
12350.000 0.533
12355.000 0.536
12360.000 0.528
12365.000 0.531
12370.000 0.528
12375.000 0.530
12380.000 0.524
12385.000 0.518
12390.000 0.520
12395.000 0.517
12400.000 0.512
12405.000 0.504
12410.000 0.504
12415.000 0.501
12420.000 0.500
12425.000 0.500
12430.000 0.492
12435.000 0.487
12440.000 0.486
12445.000 0.489
12450.000 0.493
12455.000 0.496
12460.000 0.500
12465.000 0.514
12470.000 0.520
12475.000 0.532
12480.000 0.533
12485.000 0.545
12490.000 0.542
12495.000 0.542
12500.000 0.537
12505.000 0.532
12510.000 0.538
12515.000 0.536
12520.000 0.534
12525.000 0.532
12530.000 0.531
12535.000 0.523
12540.000 0.527
12545.000 0.523
12550.000 0.524
12555.000 0.526
12560.000 0.525
12565.000 0.523
12570.000 0.528
12575.000 0.522
12580.000 0.518
12585.000 0.517
12590.000 0.518
12595.000 0.520
12600.000 0.524
12605.000 0.519
12610.000 0.518
12615.000 0.514
12620.000 0.516
12625.000 0.514
12630.000 0.516
12635.000 0.521
12640.000 0.514
12645.000 0.516
12650.000 0.514
12655.000 0.517
12660.000 0.514
12665.000 0.517
12670.000 0.514
12675.000 0.511
12680.000 0.510
12685.000 0.520
12690.000 0.512
12695.000 0.508
12700.000 0.516
12705.000 0.506
12710.000 0.517
12715.000 0.515
12720.000 0.520
12725.000 0.514
12730.000 0.517
12735.000 0.516
12740.000 0.512
12745.000 0.510
12750.000 0.506
12755.000 0.521
12760.000 0.517
12765.000 0.509
12770.000 0.522
12775.000 0.514
12780.000 0.519
12785.000 0.521
12790.000 0.520
12795.000 0.513
12800.000 0.517
12805.000 0.518
12810.000 0.517
12815.000 0.524
12820.000 0.519
12825.000 0.519
12830.000 0.522
12835.000 0.519
12840.000 0.518
12845.000 0.526
12850.000 0.524
12855.000 0.520
12860.000 0.528
12865.000 0.524
12870.000 0.525
12875.000 0.531
12880.000 0.528
12885.000 0.525
12890.000 0.528
12895.000 0.536
12900.000 0.542
12905.000 0.531
12910.000 0.539
12915.000 0.537
12920.000 0.545
12925.000 0.536
12930.000 0.545
12935.000 0.544
12940.000 0.542
12945.000 0.544
12950.000 0.552
12955.000 0.552
12960.000 0.547
12965.000 0.553
12970.000 0.548
12975.000 0.557
12980.000 0.562
12985.000 0.564
12990.000 0.565
12995.000 0.576
13000.000 0.570
13005.000 0.569
13010.000 0.574
13015.000 0.575
13020.000 0.577
13025.000 0.578
13030.000 0.589
13035.000 0.590
13040.000 0.593
13045.000 0.590
13050.000 0.608
13055.000 0.604
13060.000 0.605
13065.000 0.615
13070.000 0.613
13075.000 0.618
13080.000 0.625
13085.000 0.630
13090.000 0.635
13095.000 0.636
13100.000 0.644
13105.000 0.648
13110.000 0.652
13115.000 0.660
13120.000 0.668
13125.000 0.673
13130.000 0.679
13135.000 0.686
13140.000 0.693
13145.000 0.697
13150.000 0.715
13155.000 0.717
13160.000 0.720
13165.000 0.738
13170.000 0.747
13175.000 0.756
13180.000 0.762
13185.000 0.775
13190.000 0.788
13195.000 0.803
13200.000 0.819
13205.000 0.833
13210.000 0.843
13215.000 0.864
13220.000 0.870
13225.000 0.891
13230.000 0.910
13235.000 0.932
13240.000 0.959
13245.000 0.970
13250.000 0.997
13255.000 1.011
13260.000 1.049
13265.000 1.088
13270.000 1.125
13275.000 1.142
13280.000 1.186
13285.000 1.211
13290.000 1.268
13295.000 1.296
13300.000 1.355
13305.000 1.392
13310.000 1.463
13315.000 1.543
13320.000 1.632
13325.000 1.683
13330.000 1.745
13335.000 1.860
13340.000 1.997
13345.000 2.079
13350.000 2.247
13355.000 2.331
13360.000 2.550
13365.000 2.791
13370.000 2.930
13375.000 3.251
13380.000 3.417
13385.000 3.802
13390.000 4.242
13395.000 4.480
13400.000 4.953
13405.000 5.367
13410.000 5.528
13415.000 5.695
13420.000 5.695
13425.000 5.502
13430.000 5.334
13440.000 4.610
13445.000 4.195
13450.000 3.998
13455.000 3.645
13460.000 3.347
13465.000 3.215
13470.000 2.979
13475.000 2.783
13480.000 2.699
13485.000 2.547
13490.000 2.471
13495.000 2.356
13500.000 2.309
13505.000 2.209
13510.000 2.133
13515.000 2.099
13520.000 2.037
13525.000 1.981
13530.000 1.959
13535.000 1.920
13540.000 1.902
13545.000 1.873
13550.000 1.852
13555.000 1.842
13560.000 1.827
13565.000 1.824
13570.000 1.820
13575.000 1.830
13580.000 1.832
13585.000 1.835
13590.000 1.847
13595.000 1.867
13600.000 1.898
13605.000 1.909
13610.000 1.928
13615.000 1.969
13620.000 2.013
13625.000 2.043
13630.000 2.089
13635.000 2.161
13640.000 2.198
13645.000 2.276
13650.000 2.322
13655.000 2.417
13660.000 2.522
13665.000 2.584
13670.000 2.709
13675.000 2.793
13680.000 2.949
13685.000 3.040
13690.000 3.227
13695.000 3.439
13700.000 3.693
13705.000 3.826
13710.000 4.287
13715.000 4.456
13720.000 4.636
13725.000 4.826
13730.000 5.233
13735.000 5.445
13740.000 6.094
13745.000 6.306
13750.000 6.687
13755.000 6.843
13760.000 7.042
13765.000 7.094
13770.000 7.058
13775.000 6.993
13780.000 6.752
13785.000 6.416
13790.000 6.238
13795.000 5.848
13800.000 5.667
13805.000 5.306
13810.000 4.969
13815.000 4.814
13820.000 4.527
13825.000 4.390
13830.000 4.159
13835.000 4.047
13840.000 3.848
13845.000 3.676
13850.000 3.596
13855.000 3.449
13860.000 3.380
13865.000 3.257
13870.000 3.149
13875.000 3.099
13880.000 3.010
13885.000 2.930
13890.000 2.890
13895.000 2.827
13900.000 2.794
13905.000 2.745
13910.000 2.699
13915.000 2.681
13920.000 2.647
13925.000 2.628
13930.000 2.607
13935.000 2.588
13940.000 2.575
13945.000 2.558
13950.000 2.555
13955.000 2.551
13960.000 2.553
13965.000 2.559
13970.000 2.566
13975.000 2.570
13980.000 2.592
13985.000 2.599
13990.000 2.634
13995.000 2.679
14000.000 2.706
14005.000 2.768
14010.000 2.795
14015.000 2.878
14020.000 2.956
14025.000 2.999
14030.000 3.091
14035.000 3.203
14040.000 3.265
14045.000 3.403
14050.000 3.474
14055.000 3.632
14060.000 3.807
14065.000 3.887
14070.000 4.041
14075.000 4.117
14080.000 4.191
14085.000 4.175
14090.000 4.127
14095.000 3.972
14100.000 3.884
14105.000 3.727
14110.000 3.652
14115.000 3.642
14120.000 3.699
14125.000 3.744
14130.000 3.811
14135.000 3.822
14140.000 3.802
14145.000 3.658
14150.000 3.555
14155.000 3.283
14160.000 2.969
14165.000 2.807
14170.000 2.501
14175.000 2.360
14180.000 2.101
14185.000 1.983
14190.000 1.748
14195.000 1.662
14200.000 1.480
14205.000 1.328
14210.000 1.260
14215.000 1.139
14220.000 1.088
14225.000 1.007
14230.000 0.940
14235.000 0.909
14240.000 0.882
14245.000 0.861
14250.000 0.865
14255.000 0.856
14260.000 0.857
14265.000 0.824
14270.000 0.810
14275.000 0.752
14280.000 0.689
14285.000 0.664
14290.000 0.614
14295.000 0.582
14300.000 0.537
14305.000 0.498
14310.000 0.478
14315.000 0.439
14320.000 0.418
14325.000 0.389
14330.000 0.358
14335.000 0.343
14340.000 0.321
14345.000 0.308
14350.000 0.289
14355.000 0.267
14360.000 0.266
14365.000 0.244
14370.000 0.227
14375.000 0.222
14380.000 0.202
14385.000 0.195
14390.000 0.197
14395.000 0.177
14400.000 0.171
14405.000 0.163
14410.000 0.163
14415.000 0.154
14420.000 0.154
14425.000 0.147
14430.000 0.145
14435.000 0.147
14440.000 0.139
14445.000 0.136
14450.000 0.134
14455.000 0.128
14460.000 0.130
14465.000 0.132
14470.000 0.133
14475.000 0.125
14480.000 0.123
14485.000 0.134
14490.000 0.127
14495.000 0.126
14500.000 0.133
14505.000 0.135
14510.000 0.137
14515.000 0.130
14520.000 0.138
14525.000 0.139
14530.000 0.140
14535.000 0.141
14540.000 0.144
14545.000 0.142
14550.000 0.140
14555.000 0.146
14560.000 0.148
14565.000 0.147
14570.000 0.145
14575.000 0.150
14580.000 0.150
14585.000 0.152
14590.000 0.156
14595.000 0.157
14600.000 0.154
14605.000 0.150
14610.000 0.158
14615.000 0.160
14620.000 0.164
14625.000 0.161
14630.000 0.165
14635.000 0.164
14640.000 0.168
14645.000 0.166
14650.000 0.167
14655.000 0.171
14660.000 0.169
14665.000 0.170
14670.000 0.173
14675.000 0.168
14680.000 0.173
14685.000 0.173
14690.000 0.178
14695.000 0.175
14700.000 0.176
14705.000 0.182
14710.000 0.178
14715.000 0.176
14720.000 0.178
14725.000 0.178
14730.000 0.183
14735.000 0.180
14740.000 0.182
14745.000 0.184
14750.000 0.185
14755.000 0.186
14760.000 0.184
14765.000 0.181
14770.000 0.187
14775.000 0.185
14780.000 0.179
14785.000 0.178
14790.000 0.171
14795.000 0.103
14800.000 0.108
14805.000 0.130
14810.000 0.162
14815.000 0.147
14820.000 0.151
14825.000 0.150
14830.000 0.157
14835.000 0.149
14840.000 0.106
14845.000 0.147
14850.000 0.140
14855.000 0.122
14860.000 0.094
14865.000 0.118
14870.000 0.135
14875.000 0.157
14880.000 0.086
14885.000 0.146
14890.000 0.155
14895.000 0.122
14900.000 0.162
14905.000 0.131
14910.000 0.089
14915.000 0.114
14920.000 0.099
14925.000 0.083
14930.000 0.100
14935.000 0.101
14940.000 0.131
14945.000 0.106
14950.000 0.157
14955.000 0.177
14960.000 0.183
14965.000 0.146
14970.000 0.129
14975.000 0.112
14980.000 0.103
14985.000 0.111
14990.000 0.093
14995.000 0.113
15000.000 0.067
15005.000 0.106
15010.000 0.109
15015.000 0.124
15020.000 0.100
15025.000 0.111
15030.000 0.100
15035.000 0.083
15040.000 0.070
15045.000 0.078
15050.000 0.042
15055.000 0.058
15060.000 0.056
15065.000 0.019
15070.000 0.040
15075.000 0.036
15080.000 0.063
15085.000 0.048
15090.000 0.023
15095.000 0.026
15100.000 0.027
15105.000 0.035
15110.000 0.026
15115.000 0.026
15120.000 0.044
15125.000 0.047
15130.000 0.055
15135.000 0.055
15140.000 0.046
15145.000 0.065
15150.000 0.068
15155.000 0.074
15160.000 0.086
15165.000 0.091
15170.000 0.082
15175.000 0.068
15180.000 0.082
15185.000 0.128
15190.000 0.121
15195.000 0.200
15200.000 0.271
15205.000 0.290
15210.000 0.257
15215.000 0.259
15220.000 0.325
15225.000 0.354
15230.000 0.415
15235.000 0.540
15240.000 0.563
15245.000 0.583
15250.000 0.794
15255.000 0.874
15260.000 0.962
15265.000 0.948
15270.000 1.071
15275.000 1.358
15280.000 1.476
15285.000 1.764
15290.000 1.868
15295.000 2.052
15300.000 2.325
15305.000 2.480
15310.000 2.538
15315.000 2.468
15320.000 2.431
15325.000 2.330
15330.000 2.279
15335.000 2.248
15340.000 2.307
15345.000 2.247
15350.000 2.144
15355.000 2.091
15360.000 1.955
15365.000 1.891
15370.000 1.824
15375.000 1.777
15380.000 1.732
15385.000 1.633
15390.000 1.564
15395.000 1.558
15400.000 1.426
15405.000 1.591
15410.000 1.550
15415.000 1.453
15420.000 1.535
15425.000 1.503
15430.000 1.477
15435.000 1.499
15440.000 1.526
15445.000 1.435
15450.000 1.390
15455.000 1.336
15460.000 1.156
15465.000 1.226
15470.000 0.967
15475.000 1.124
15480.000 1.164
15485.000 1.224
15490.000 1.239
15495.000 1.194
15500.000 1.078
15505.000 1.179
15510.000 1.190
15515.000 1.359
15520.000 1.406
15525.000 1.452
15530.000 1.416
15535.000 1.377
15540.000 1.385
15545.000 1.388
15550.000 1.395
15555.000 1.379
15560.000 1.334
15565.000 1.266
15570.000 1.357
15575.000 1.457
15580.000 1.498
15585.000 1.553
15590.000 1.580
15595.000 1.638
15600.000 1.672
15605.000 1.761
15610.000 1.254
15615.000 1.876
15620.000 1.538
15625.000 1.829
15630.000 1.821
15635.000 1.989
15640.000 2.074
15645.000 2.136
15650.000 2.341
15655.000 2.323
15660.000 2.403
15665.000 2.416
15670.000 2.565
15675.000 2.608
15680.000 2.853
15690.000 3.219
15695.000 3.229
15700.000 3.161
15705.000 3.038
15710.000 2.895
15720.000 2.670
15725.000 2.319
15730.000 2.017
15735.000 1.813
15740.000 1.672
15745.000 1.637
15750.000 1.494
15755.000 1.201
15760.000 1.150
15765.000 1.167
15770.000 1.076
15775.000 0.866
15780.000 0.877
15785.000 0.719
15790.000 0.698
15795.000 0.643
15800.000 0.635
15805.000 0.607
15810.000 0.592
15815.000 0.535
15820.000 0.518
15825.000 0.480
15830.000 0.464
15835.000 0.436
15840.000 0.432
15845.000 0.397
15850.000 0.361
15855.000 0.338
15860.000 0.288
15865.000 0.285
15870.000 0.273
15875.000 0.252
15880.000 0.245
15885.000 0.241
15890.000 0.239
15895.000 0.235
15900.000 0.220
15905.000 0.208
15910.000 0.212
15915.000 0.212
15920.000 0.213
15925.000 0.225
15930.000 0.226
15935.000 0.235
15940.000 0.245
15945.000 0.249
15950.000 0.246
15955.000 0.255
15960.000 0.249
15965.000 0.254
15970.000 0.258
15975.000 0.270
15980.000 0.281
15985.000 0.292
15990.000 0.293
15995.000 0.311
16000.000 0.330
