1205.000 1.429
1210.000 1.455
1215.000 1.473
1220.000 1.449
1225.000 1.423
1230.000 1.509
1235.000 1.477
1240.000 1.524
1245.000 1.468
1250.000 1.468
1255.000 1.459
1260.000 1.380
1265.000 1.435
1270.000 1.483
1275.000 1.377
1280.000 1.421
1285.000 1.373
1290.000 1.453
1295.000 1.394
1300.000 1.368
1305.000 1.438
1310.000 1.389
1315.000 1.395
1320.000 1.459
1325.000 1.393
1330.000 1.425
1335.000 1.373
1340.000 1.372
1345.000 1.403
1350.000 1.392
1355.000 1.374
1360.000 1.390
1365.000 1.377
1370.000 1.362
1375.000 1.364
1380.000 1.368
1385.000 1.418
1390.000 1.384
1395.000 1.380
1400.000 1.402
1405.000 1.363
1410.000 1.354
1415.000 1.346
1420.000 1.362
1425.000 1.368
1430.000 1.341
1435.000 1.357
1440.000 1.350
1445.000 1.337
1450.000 1.345
1455.000 1.352
1460.000 1.356
1465.000 1.373
1470.000 1.358
1475.000 1.367
1480.000 1.354
1485.000 1.305
1490.000 1.322
1495.000 1.372
1500.000 1.322
1505.000 1.318
1510.000 1.309
1515.000 1.339
1520.000 1.292
1525.000 1.329
1530.000 1.364
1535.000 1.339
1540.000 1.328
1545.000 1.306
1550.000 1.326
1555.000 1.388
1560.000 1.345
1565.000 1.372
1570.000 1.337
1575.000 1.358
1580.000 1.354
1585.000 1.344
1590.000 1.315
1595.000 1.350
1600.000 1.365
1605.000 1.337
1610.000 1.371
1615.000 1.326
1620.000 1.345
1625.000 1.328
1630.000 1.356
1635.000 1.355
1640.000 1.381
1645.000 1.386
1650.000 1.380
1655.000 1.378
1660.000 1.384
1665.000 1.406
1670.000 1.394
1675.000 1.414
1680.000 1.439
1685.000 1.421
1690.000 1.447
1695.000 1.449
1700.000 1.445
1705.000 1.465
1710.000 1.503
1715.000 1.527
1720.000 1.523
1725.000 1.545
1730.000 1.558
1735.000 1.543
1740.000 1.579
1745.000 1.616
1750.000 1.631
1755.000 1.677
1760.000 1.659
1765.000 1.683
1770.000 1.733
1775.000 1.730
1780.000 1.784
1785.000 1.782
1790.000 1.767
1795.000 1.843
1800.000 1.844
1805.000 1.867
1810.000 1.934
1815.000 1.955
1820.000 1.995
1825.000 2.025
1830.000 2.031
1835.000 2.095
1840.000 2.132
1845.000 2.126
1850.000 2.185
1855.000 2.201
1860.000 2.272
1865.000 2.294
1870.000 2.306
1875.000 2.380
1880.000 2.391
1885.000 2.428
1890.000 2.454
1895.000 2.493
1900.000 2.533
1905.000 2.579
1910.000 2.590
1915.000 2.597
1920.000 2.658
1925.000 2.693
1930.000 2.731
1935.000 2.806
1940.000 2.734
1945.000 2.789
1950.000 2.859
1955.000 2.860
1960.000 2.915
1965.000 2.936
1970.000 2.973
1975.000 3.031
1980.000 3.049
1985.000 3.060
1990.000 3.010
1995.000 3.137
2000.000 3.126
2005.000 3.169
2010.000 3.227
2015.000 3.208
2020.000 3.274
2025.000 3.311
2030.000 3.297
2035.000 3.388
2040.000 3.390
2045.000 3.417
2050.000 3.457
2055.000 3.463
2060.000 3.495
2065.000 3.548
2070.000 3.516
2075.000 3.634
2080.000 3.624
2085.000 3.715
2090.000 3.712
2095.000 3.754
2100.000 3.826
2105.000 3.868
2110.000 3.911
2115.000 3.976
2120.000 3.986
2125.000 4.080
2130.000 4.114
2135.000 4.188
2140.000 4.227
2145.000 4.304
2150.000 4.414
2155.000 4.447
2160.000 4.561
2165.000 4.608
2170.000 4.726
2175.000 4.890
2180.000 4.944
2185.000 5.087
2190.000 5.162
2195.000 5.342
2200.000 5.537
2205.000 5.633
2210.000 5.850
2215.000 6.026
2220.000 6.327
2225.000 6.745
2230.000 6.738
2235.000 7.238
2240.000 7.657
2245.000 8.015
2250.000 8.795
2255.000 9.271
2260.000 10.418
2265.000 10.933
2270.000 12.419
2275.000 15.002
2280.000 16.488
2285.000 20.962
2290.000 23.978
2295.000 33.099
2300.000 40.154
2305.000 43.124
2310.000 35.159
2315.000 25.255
2320.000 16.428
2325.000 12.079
2330.000 10.482
2335.000 8.463
2340.000 7.497
2345.000 6.269
2350.000 5.271
2355.000 4.823
2360.000 4.154
2365.000 3.854
2370.000 3.347
2375.000 2.937
2380.000 2.779
2385.000 2.474
2390.000 2.325
2395.000 2.058
2400.000 1.838
2405.000 1.757
2410.000 1.575
2415.000 1.557
2420.000 1.929
2425.000 1.253
2430.000 1.211
2435.000 1.114
2440.000 1.068
2445.000 0.974
2450.000 0.912
2455.000 0.849
2460.000 0.828
2465.000 0.802
2470.000 0.767
2475.000 0.747
2480.000 0.710
2485.000 0.702
2490.000 0.706
2495.000 0.697
2500.000 0.712
2505.000 0.715
2510.000 0.726
2515.000 0.715
2520.000 0.706
2525.000 0.726
2530.000 0.729
2535.000 0.771
2540.000 0.761
2545.000 0.763
2550.000 0.762
2555.000 0.815
2560.000 0.817
2565.000 0.792
2570.000 0.823
2575.000 0.847
2580.000 0.847
2585.000 0.873
2590.000 0.890
2595.000 0.895
2600.000 0.894
2605.000 0.913
2610.000 0.905
2615.000 0.933
2620.000 0.950
2625.000 0.955
2630.000 0.943
2635.000 0.982
2640.000 0.982
2645.000 0.982
2650.000 1.034
2655.000 1.013
2660.000 1.013
2665.000 1.020
2670.000 1.014
2675.000 1.034
2680.000 1.043
2685.000 1.037
2690.000 1.048
2695.000 1.048
2700.000 1.061
2705.000 1.059
2710.000 1.059
2715.000 1.068
2720.000 1.034
2725.000 1.051
2730.000 1.066
2735.000 1.054
2740.000 1.052
2745.000 1.078
2750.000 1.056
2755.000 1.094
2760.000 1.041
2765.000 1.044
2770.000 1.052
2775.000 1.043
2780.000 1.026
2785.000 1.051
2790.000 1.043
2795.000 1.029
2800.000 1.021
2805.000 1.021
2810.000 1.016
2815.000 1.008
2820.000 1.012
2825.000 1.009
2830.000 1.002
2835.000 1.006
2840.000 0.988
2845.000 0.981
2850.000 0.987
2855.000 0.980
2860.000 0.971
2865.000 0.972
2870.000 0.964
2875.000 0.964
2880.000 0.949
2885.000 0.949
2890.000 0.941
2895.000 0.920
2900.000 0.889
2905.000 0.885
2910.000 0.894
2915.000 0.876
2920.000 0.862
2925.000 0.848
2930.000 0.828
2935.000 0.815
2940.000 0.812
2945.000 0.779
2950.000 0.786
2955.000 0.757
2960.000 0.732
2965.000 0.726
2970.000 0.680
2975.000 0.687
2980.000 0.659
2985.000 0.645
2990.000 0.623
2995.000 0.607
3000.000 0.593
3005.000 0.556
3010.000 0.532
3015.000 0.524
3020.000 0.508
3025.000 0.499
3030.000 0.474
3035.000 0.455
3040.000 0.438
3045.000 0.422
3050.000 0.420
3055.000 0.387
3060.000 0.386
3065.000 0.360
3070.000 0.352
3075.000 0.338
3080.000 0.325
3085.000 0.311
3090.000 0.297
3095.000 0.284
3100.000 0.279
3105.000 0.275
3110.000 0.271
3115.000 0.258
3120.000 0.238
3125.000 0.243
3130.000 0.239
3135.000 0.244
3140.000 0.234
3145.000 0.235
3150.000 0.234
3155.000 0.244
3160.000 0.246
3165.000 0.258
3170.000 0.276
3175.000 0.268
3180.000 0.282
3185.000 0.300
3190.000 0.301
3195.000 0.311
3200.000 0.296
3205.000 0.324
3210.000 0.334
3215.000 0.343
3220.000 0.362
3225.000 0.361
3230.000 0.374
3235.000 0.385
3240.000 0.407
3245.000 0.420
3250.000 0.424
3255.000 0.441
3260.000 0.458
3265.000 0.467
3270.000 0.477
3275.000 0.493
3280.000 0.504
3285.000 0.517
3290.000 0.529
3295.000 0.556
3300.000 0.560
3305.000 0.584
3310.000 0.580
3315.000 0.603
3320.000 0.622
3325.000 0.643
3330.000 0.655
3335.000 0.678
3340.000 0.692
3345.000 0.717
3350.000 0.722
3355.000 0.756
3360.000 0.760
3365.000 0.811
3370.000 0.825
3375.000 0.840
3380.000 0.859
3385.000 0.880
3390.000 0.900
3395.000 0.945
3400.000 0.954
3405.000 0.996
3410.000 1.027
3415.000 1.053
3420.000 1.090
3425.000 1.116
3430.000 1.161
3435.000 1.169
3440.000 1.216
3445.000 1.261
3450.000 1.295
3455.000 1.360
3460.000 1.383
3465.000 1.432
3470.000 1.495
3475.000 1.525
3480.000 1.588
3485.000 1.636
3490.000 1.724
3495.000 1.796
3500.000 1.837
3505.000 1.919
3510.000 1.959
3515.000 2.084
3520.000 2.174
3525.000 2.239
3530.000 2.356
3535.000 2.412
3540.000 2.550
3545.000 2.703
3550.000 2.790
3555.000 2.968
3560.000 3.048
3565.000 3.251
3570.000 3.471
3575.000 3.600
3580.000 3.861
3585.000 4.007
3590.000 4.334
3595.000 4.676
3600.000 4.866
3605.000 5.311
3610.000 5.553
3615.000 6.105
3620.000 6.779
3625.000 7.145
3630.000 8.007
3635.000 8.493
3640.000 9.698
3645.000 11.259
3650.000 12.202
3655.000 14.568
3660.000 16.270
3665.000 20.462
3670.000 23.320
3675.000 31.494
3680.000 44.913
3685.000 53.976
3690.000 66.912
3695.000 67.807
3700.000 50.179
3705.000 31.298
3710.000 26.699
3715.000 20.959
3720.000 18.954
3725.000 15.963
3730.000 13.799
3735.000 12.956
3740.000 11.548
3745.000 11.011
3750.000 10.009
3755.000 9.204
3760.000 8.860
3765.000 8.239
3770.000 7.975
3775.000 7.475
3780.000 7.106
3785.000 6.871
3790.000 6.544
3795.000 6.378
3800.000 6.100
3805.000 5.845
3810.000 5.755
3815.000 5.533
3820.000 5.414
3825.000 5.237
3830.000 5.063
3835.000 5.003
3840.000 4.851
3845.000 4.765
3850.000 4.643
3855.000 4.516
3860.000 4.462
3865.000 4.355
3870.000 4.305
3875.000 4.209
3880.000 4.111
3885.000 4.067
3890.000 3.989
3895.000 3.954
3900.000 3.886
3905.000 3.806
3910.000 3.767
3915.000 3.699
3920.000 3.671
3925.000 3.607
3930.000 3.548
3935.000 3.521
3940.000 3.459
3945.000 3.437
3950.000 3.383
3955.000 3.331
3960.000 3.315
3965.000 3.274
3970.000 3.252
3975.000 3.211
3980.000 3.186
3985.000 3.167
3990.000 3.140
3995.000 3.118
4000.000 3.094
4005.000 3.059
4010.000 3.058
4015.000 3.033
4020.000 3.003
4025.000 2.979
4030.000 2.983
4035.000 2.957
4040.000 2.933
4045.000 2.935
4050.000 2.910
4055.000 2.885
4060.000 2.874
4065.000 2.870
4070.000 2.847
4075.000 2.830
4080.000 2.819
4085.000 2.803
4090.000 2.796
4095.000 2.782
4100.000 2.770
4105.000 2.760
4110.000 2.757
4115.000 2.733
4120.000 2.727
4125.000 2.715
4130.000 2.703
4135.000 2.702
4140.000 2.687
4145.000 2.678
4150.000 2.659
4155.000 2.670
4160.000 2.654
4165.000 2.652
4170.000 2.641
4175.000 2.635
4180.000 2.629
4185.000 2.632
4190.000 2.617
4195.000 2.619
4200.000 2.604
4205.000 2.594
4210.000 2.594
4215.000 2.601
4220.000 2.595
4225.000 2.582
4230.000 2.579
4235.000 2.577
4240.000 2.578
4245.000 2.573
4250.000 2.575
4255.000 2.558
4260.000 2.552
4265.000 2.556
4270.000 2.552
4275.000 2.551
4280.000 2.548
4285.000 2.552
4290.000 2.543
4295.000 2.540
4300.000 2.541
4305.000 2.550
4310.000 2.545
4315.000 2.542
4320.000 2.538
4325.000 2.542
4330.000 2.548
4335.000 2.546
4340.000 2.557
4345.000 2.544
4350.000 2.549
4355.000 2.550
4360.000 2.551
4365.000 2.559
4370.000 2.562
4375.000 2.554
4380.000 2.563
4385.000 2.558
4390.000 2.566
4395.000 2.559
4400.000 2.572
4405.000 2.569
4410.000 2.579
4415.000 2.579
4420.000 2.592
4425.000 2.597
4430.000 2.594
4435.000 2.604
4440.000 2.619
4445.000 2.619
4450.000 2.625
4455.000 2.636
4460.000 2.636
4465.000 2.651
4470.000 2.653
4475.000 2.662
4480.000 2.669
4485.000 2.679
4490.000 2.699
4495.000 2.701
4500.000 2.719
4505.000 2.721
4510.000 2.732
4515.000 2.747
4520.000 2.761
4525.000 2.781
4530.000 2.781
4535.000 2.804
4540.000 2.825
4545.000 2.833
4550.000 2.861
4555.000 2.867
4560.000 2.894
4565.000 2.904
4570.000 2.924
4575.000 2.958
4580.000 2.969
4585.000 2.998
4590.000 3.014
4595.000 3.037
4600.000 3.079
4605.000 3.099
4610.000 3.135
4615.000 3.146
4620.000 3.187
4625.000 3.223
4630.000 3.243
4635.000 3.295
4640.000 3.334
4645.000 3.364
4650.000 3.419
4655.000 3.439
4660.000 3.486
4665.000 3.559
4670.000 3.593
4675.000 3.648
4680.000 3.678
4685.000 3.748
4690.000 3.827
4695.000 3.863
4700.000 3.936
4705.000 3.988
4710.000 4.074
4715.000 4.157
4720.000 4.213
4725.000 4.302
4730.000 4.358
4735.000 4.468
4740.000 4.584
4745.000 4.640
4750.000 4.769
4755.000 4.835
4760.000 4.975
4765.000 5.130
4770.000 5.198
4775.000 5.351
4780.000 5.442
4785.000 5.627
4790.000 5.811
4795.000 5.909
4800.000 6.106
4805.000 6.217
4810.000 6.444
4815.000 6.690
4820.000 6.810
4825.000 7.080
4830.000 7.225
4835.000 7.522
4840.000 7.864
4845.000 8.032
4850.000 8.430
4855.000 8.627
4860.000 9.046
4865.000 9.278
4870.000 9.781
4875.000 10.322
4880.000 10.635
4885.000 11.290
4890.000 11.654
4895.000 12.453
4900.000 13.349
4905.000 13.865
4910.000 15.018
4915.000 15.671
4920.000 17.145
4925.000 18.948
4930.000 19.971
4935.000 22.400
4940.000 23.767
4945.000 26.719
4950.000 29.779
4955.000 32.854
4960.000 62.541
4965.000 70.356
4970.000 70.575
4975.000 73.242
4980.000 73.338
4985.000 71.431
4990.000 64.872
4995.000 45.957
5000.000 34.798
5005.000 30.674
5010.000 25.110
5015.000 22.947
5020.000 19.596
5025.000 17.015
5030.000 15.958
5035.000 14.155
5040.000 13.395
5045.000 12.080
5050.000 11.007
5055.000 10.521
5060.000 9.656
5065.000 9.264
5070.000 8.582
5075.000 7.974
5080.000 7.707
5085.000 7.207
5090.000 6.980
5095.000 6.559
5100.000 6.186
5105.000 6.010
5110.000 5.698
5115.000 5.548
5120.000 5.281
5125.000 5.043
5130.000 4.926
5135.000 4.697
5140.000 4.599
5145.000 4.405
5150.000 4.316
5155.000 4.142
5160.000 3.989
5165.000 3.924
5170.000 3.784
5175.000 3.722
5180.000 3.598
5185.000 3.489
5190.000 3.424
5195.000 3.320
5200.000 3.278
5205.000 3.182
5210.000 3.098
5215.000 3.065
5220.000 2.992
5225.000 2.946
5230.000 2.880
5235.000 2.827
5240.000 2.773
5245.000 2.732
5250.000 2.697
5255.000 2.643
5260.000 2.590
5265.000 2.573
5270.000 2.540
5275.000 2.512
5280.000 2.468
5285.000 2.426
5290.000 2.405
5295.000 2.367
5300.000 2.360
5305.000 2.321
5310.000 2.294
5315.000 2.282
5320.000 2.251
5325.000 2.239
5330.000 2.212
5335.000 2.183
5340.000 2.176
5345.000 2.152
5350.000 2.146
5355.000 2.127
5360.000 2.102
5365.000 2.101
5370.000 2.082
5375.000 2.081
5380.000 2.051
5385.000 2.046
5390.000 2.037
5395.000 2.021
5400.000 2.022
5405.000 2.013
5410.000 1.998
5415.000 1.993
5420.000 1.980
5425.000 1.983
5430.000 1.969
5435.000 1.958
5440.000 1.943
5445.000 1.951
5450.000 1.941
5455.000 1.937
5460.000 1.932
5465.000 1.937
5470.000 1.924
5475.000 1.915
5480.000 1.913
5485.000 1.908
5490.000 1.910
5495.000 1.903
5500.000 1.895
5505.000 1.895
5510.000 1.888
5515.000 1.890
5520.000 1.895
5525.000 1.895
5530.000 1.887
5535.000 1.890
5540.000 1.883
5545.000 1.888
5550.000 1.881
5555.000 1.892
5560.000 1.882
5565.000 1.893
5570.000 1.882
5575.000 1.877
5580.000 1.887
5585.000 1.891
5590.000 1.887
5595.000 1.890
5600.000 1.886
5605.000 1.892
5610.000 1.891
5615.000 1.894
5620.000 1.907
5625.000 1.901
5630.000 1.907
5635.000 1.901
5640.000 1.903
5645.000 1.907
5650.000 1.913
5655.000 1.915
5660.000 1.927
5665.000 1.922
5670.000 1.935
5675.000 1.936
5680.000 1.941
5685.000 1.942
5690.000 1.951
5695.000 1.964
5700.000 1.953
5705.000 1.970
5710.000 1.977
5715.000 1.980
5720.000 1.991
5725.000 1.993
5730.000 2.004
5735.000 2.012
5740.000 2.013
5745.000 2.022
5750.000 2.031
5755.000 2.043
5760.000 2.044
5765.000 2.057
5770.000 2.071
5775.000 2.077
5780.000 2.094
5785.000 2.100
5790.000 2.107
5795.000 2.128
5800.000 2.122
5805.000 2.148
5810.000 2.155
5815.000 2.171
5820.000 2.185
5825.000 2.196
5830.000 2.208
5835.000 2.216
5840.000 2.235
5845.000 2.255
5850.000 2.278
5855.000 2.299
5860.000 2.315
5865.000 2.322
5870.000 2.356
5875.000 2.361
5880.000 2.392
5885.000 2.410
5890.000 2.438
5895.000 2.472
5900.000 2.488
5905.000 2.520
5910.000 2.537
5915.000 2.574
5920.000 2.612
5925.000 2.623
5930.000 2.674
5935.000 2.697
5940.000 2.701
5945.000 2.789
5950.000 2.795
5955.000 2.854
5960.000 2.866
5965.000 2.927
5970.000 3.001
5975.000 3.029
5980.000 3.096
5985.000 3.124
5990.000 3.205
5995.000 3.282
6000.000 3.317
6005.000 3.388
6010.000 3.442
6015.000 3.539
6020.000 3.623
6025.000 3.677
6030.000 3.794
6035.000 3.842
6040.000 3.966
6045.000 4.094
6050.000 4.165
6055.000 4.310
6060.000 4.378
6065.000 4.546
6070.000 4.730
6075.000 4.806
6080.000 5.000
6085.000 5.104
6090.000 5.314
6095.000 5.556
6100.000 5.679
6105.000 5.963
6110.000 6.129
6115.000 6.438
6120.000 6.803
6125.000 7.000
6130.000 7.451
6135.000 7.691
6140.000 8.251
6145.000 8.893
6150.000 9.259
6155.000 10.104
6160.000 10.586
6165.000 11.774
6170.000 13.275
6175.000 14.122
6180.000 16.350
6185.000 17.718
6190.000 21.339
6195.000 26.586
6200.000 30.134
6205.000 39.870
6210.000 46.168
6215.000 59.468
6220.000 61.366
6225.000 54.115
6230.000 37.069
6235.000 31.516
6240.000 24.121
6245.000 19.604
6250.000 17.943
6255.000 15.409
6260.000 14.409
6265.000 12.815
6270.000 11.605
6275.000 11.120
6280.000 10.228
6285.000 9.874
6290.000 9.219
6295.000 8.676
6300.000 8.424
6305.000 7.990
6310.000 7.809
6315.000 7.424
6320.000 7.105
6325.000 6.944
6330.000 6.660
6335.000 6.507
6340.000 6.260
6345.000 6.147
6350.000 5.933
6355.000 5.727
6360.000 5.632
6365.000 5.466
6370.000 5.380
6375.000 5.236
6380.000 5.100
6385.000 5.031
6390.000 4.906
6395.000 4.853
6400.000 4.748
6405.000 4.651
6410.000 4.607
6415.000 4.531
6420.000 4.488
6425.000 4.424
6430.000 4.376
6435.000 4.345
6440.000 4.294
6445.000 4.282
6450.000 4.241
6455.000 4.218
6460.000 4.205
6465.000 4.211
6470.000 4.204
6475.000 4.231
6480.000 4.248
6485.000 4.272
6490.000 4.334
6495.000 4.378
6500.000 4.503
6505.000 4.654
6510.000 4.759
6515.000 5.035
6520.000 5.225
6525.000 5.743
6530.000 6.643
6535.000 7.325
6540.000 9.688
6545.000 11.754
6550.000 18.661
6555.000 23.963
6560.000 18.645
6565.000 5.024
6570.000 3.463
6575.000 1.210
6580.000 1.840
6585.000 1.746
6590.000 1.441
6595.000 1.516
6600.000 1.577
6605.000 1.672
6610.000 1.689
6615.000 1.727
6620.000 1.756
6625.000 1.799
6630.000 1.821
6635.000 1.841
6640.000 1.862
6645.000 1.886
6650.000 1.902
6655.000 1.914
6660.000 1.921
6665.000 1.939
6670.000 1.952
6675.000 1.954
6680.000 1.956
6685.000 1.964
6690.000 1.970
6695.000 1.975
6700.000 1.978
6705.000 1.991
6710.000 1.983
6715.000 1.987
6720.000 1.990
6725.000 1.996
6730.000 2.001
6735.000 1.990
6740.000 2.003
6745.000 2.006
6750.000 1.996
6755.000 2.006
6760.000 2.007
6765.000 2.016
6770.000 2.018
6775.000 2.011
6780.000 2.016
6785.000 2.013
6790.000 2.020
6795.000 2.015
6800.000 2.025
6805.000 2.024
6810.000 2.022
6815.000 2.014
6820.000 2.021
6825.000 2.024
6830.000 2.025
6835.000 2.031
6840.000 2.024
6845.000 2.029
6850.000 2.022
6855.000 2.033
6860.000 2.036
6865.000 2.046
6870.000 2.036
6875.000 2.043
6880.000 2.042
6885.000 2.044
6890.000 2.048
6895.000 2.054
6900.000 2.052
6905.000 2.054
6910.000 2.058
6915.000 2.060
6920.000 2.058
6925.000 2.068
6930.000 2.071
6935.000 2.075
6940.000 2.070
6945.000 2.074
6950.000 2.085
6955.000 2.089
6960.000 2.091
6965.000 2.100
6970.000 2.102
6975.000 2.102
6980.000 2.109
6985.000 2.115
6990.000 2.129
6995.000 2.124
7000.000 2.137
