4900.100 44.726
4900.200 42.825
4900.300 43.430
4900.400 43.431
4900.500 43.404
4900.600 43.359
4900.700 43.357
4900.800 43.419
4900.900 43.459
4901.000 43.539
4901.100 43.577
4901.200 43.664
4901.300 43.733
4901.400 43.768
4901.500 43.844
4901.600 43.852
4901.700 43.919
4901.800 43.983
4901.900 44.003
4902.000 44.058
4902.100 44.095
4902.200 44.163
4902.300 44.217
4902.400 44.249
4902.500 44.279
4902.600 44.322
4902.700 44.381
4902.800 44.435
4902.900 44.477
4903.000 44.528
4903.100 44.567
4903.200 44.623
4903.300 44.679
4903.400 44.709
4903.500 44.767
4903.600 44.784
4903.700 44.868
4903.800 44.920
4903.900 44.938
4904.000 45.006
4904.100 45.036
4904.200 45.096
4904.300 45.162
4904.400 45.200
4904.500 45.242
4904.600 45.266
4904.700 45.330
4904.800 45.403
4904.900 45.438
4905.000 45.490
4905.100 45.529
4905.200 45.595
4905.300 45.633
4905.400 45.674
4905.500 45.749
4905.600 45.769
4905.700 45.837
4905.800 45.911
4905.900 45.931
4906.000 45.980
4906.100 46.037
4906.200 46.107
4906.300 46.137
4906.400 46.195
4906.500 46.269
4906.600 46.283
4906.700 46.347
4906.800 46.377
4906.900 46.419
4907.000 46.488
4907.100 46.509
4907.200 46.632
4907.300 46.667
4907.400 46.742
4907.500 46.783
4907.600 46.812
4907.700 46.870
4907.800 46.903
4907.900 46.960
4908.000 47.025
4908.100 47.074
4908.200 47.126
4908.300 47.172
4908.400 47.240
4908.500 47.292
4908.600 47.341
4908.700 47.402
4908.800 47.433
4908.900 47.499
4909.000 47.570
4909.100 47.604
4909.200 47.666
4909.300 47.694
4909.400 47.771
4909.500 47.840
4909.600 47.878
4909.700 47.944
4909.800 47.976
4909.900 48.050
4910.000 48.105
4910.100 48.141
4910.200 48.224
4910.300 48.261
4910.400 48.324
4910.500 48.404
4910.600 48.432
4910.700 48.497
4910.800 48.529
4910.900 48.620
4911.000 48.691
4911.100 48.726
4911.200 48.792
4911.300 48.817
4911.400 48.891
4911.500 48.983
4911.600 49.013
4911.700 49.062
4911.800 49.098
4911.900 49.196
4912.000 49.257
4912.100 49.355
4912.200 49.367
4912.300 49.410
4912.400 49.489
4912.500 49.565
4912.600 49.570
4912.700 49.675
4912.800 49.703
4912.900 49.763
4913.000 49.859
4913.100 49.889
4913.200 49.948
4913.300 49.990
4913.400 50.061
4913.500 49.927
4913.600 49.844
4913.700 50.046
4913.800 50.108
4913.900 50.198
4914.000 50.316
4914.100 50.370
4914.200 50.478
4914.300 50.526
4914.400 50.618
4914.500 50.709
4914.600 50.749
4914.700 50.845
4914.800 50.907
4914.900 50.993
4915.000 51.035
4915.100 51.059
4915.200 51.189
4915.300 51.242
4915.400 51.314
4915.500 51.383
4915.600 51.432
4915.700 51.484
4915.800 51.508
4915.900 51.609
4916.000 51.708
4916.100 51.740
4916.200 51.804
4916.300 51.838
4916.400 51.930
4916.500 52.026
4916.600 52.070
4916.700 52.140
4916.800 52.182
4916.900 52.279
4917.000 52.352
4917.100 52.386
4917.200 52.459
4917.300 52.501
4917.400 52.582
4917.500 52.687
4917.600 52.719
4917.700 52.812
4917.800 52.843
4917.900 52.907
4918.000 52.969
4918.100 53.047
4918.200 53.142
4918.300 53.187
4918.400 53.262
4918.500 53.296
4918.600 53.376
4918.700 53.476
4918.800 53.527
4918.900 53.603
4919.000 53.643
4919.100 53.746
4919.200 53.816
4919.300 53.861
4919.400 53.934
4919.500 53.987
4919.600 54.073
4919.700 54.178
4919.800 54.227
4919.900 54.313
4920.000 54.371
4920.100 54.454
4920.200 54.534
4920.300 54.579
4920.400 54.648
4920.500 54.700
4920.600 54.753
4920.700 54.891
4920.800 54.940
4920.900 55.074
4921.000 55.098
4921.100 55.176
4921.200 55.266
4921.300 55.297
4921.400 55.370
4921.500 55.425
4921.600 55.533
4921.700 55.610
4921.800 55.664
4921.900 55.790
4922.000 55.823
4922.100 55.906
4922.200 55.994
4922.300 56.055
4922.400 56.125
4922.500 56.166
4922.600 56.260
4922.700 56.351
4922.800 56.400
4922.900 56.514
4923.000 56.571
4923.100 56.654
4923.200 56.755
4923.300 56.788
4923.400 56.883
4923.500 56.929
4923.600 57.034
4923.700 57.136
4923.800 57.172
4923.900 57.283
4924.000 57.319
4924.100 57.415
4924.200 57.531
4924.300 57.594
4924.400 57.680
4924.500 57.728
4924.600 57.838
4924.700 57.941
4924.800 57.991
4924.900 58.085
4925.000 58.126
4925.100 58.238
4925.200 58.347
4925.300 58.385
4925.400 58.505
4925.500 58.557
4925.600 58.666
4925.700 58.770
4925.800 58.818
4925.900 58.910
4926.000 58.972
4926.100 59.091
4926.200 59.024
4926.300 59.014
4926.400 59.078
4926.500 59.152
4926.600 59.262
4926.700 59.366
4926.800 59.396
4926.900 59.540
4927.000 59.547
4927.100 59.675
4927.200 59.834
4927.300 59.881
4927.400 59.941
4927.500 60.001
4927.600 60.087
4927.700 60.206
4927.800 60.243
4927.900 60.370
4928.000 60.451
4928.100 60.519
4928.200 60.657
4928.300 60.721
4928.400 60.818
4928.500 60.832
4928.600 60.949
4928.700 61.063
4928.800 61.111
4928.900 61.250
4929.000 61.284
4929.100 61.231
4929.200 61.443
4929.300 61.480
4929.400 61.643
4929.500 61.670
4929.600 61.625
4929.700 61.868
4929.800 61.928
4929.900 61.984
4930.000 62.010
4930.100 62.074
4930.200 62.092
4930.300 62.190
4930.400 62.317
4930.500 62.371
4930.600 62.396
4930.700 62.455
4930.800 62.514
4930.900 62.554
4931.000 62.542
4931.100 62.679
4931.200 62.725
4931.300 62.773
4931.400 62.867
4931.500 62.897
4931.600 62.967
4931.700 63.001
4931.800 63.073
4931.900 63.156
4932.000 63.193
4932.100 63.249
4932.200 63.285
4932.300 63.350
4932.400 63.418
4932.500 63.450
4932.600 63.521
4932.700 63.562
4932.800 63.623
4932.900 63.677
4933.000 63.699
4933.100 63.779
4933.200 63.808
4933.300 63.876
4933.400 63.954
4933.500 63.975
4933.600 64.044
4933.700 64.068
4933.800 64.130
4933.900 64.192
4934.000 64.221
4934.100 64.283
4934.200 64.323
4934.300 64.380
4934.400 64.474
4934.500 64.481
4934.600 64.537
4934.700 64.568
4934.800 64.641
4934.900 64.695
4935.000 64.738
4935.100 64.790
4935.200 64.820
4935.300 64.864
4935.400 64.944
4935.500 64.956
4935.600 65.027
4935.700 65.067
4935.800 65.112
4935.900 65.183
4936.000 65.217
4936.100 65.273
4936.200 65.299
4936.300 65.355
4936.400 65.417
4936.500 65.470
4936.600 65.508
4936.700 65.524
4936.800 65.602
4936.900 65.651
4937.000 65.687
4937.100 65.750
4937.200 65.766
4937.300 65.835
4937.400 65.875
4937.500 65.911
4937.600 65.969
4937.700 66.000
4937.800 66.054
4937.900 66.123
4938.000 66.144
4938.100 66.210
4938.200 66.235
4938.300 66.298
4938.400 66.344
4938.500 66.371
4938.600 66.428
4938.700 66.422
4938.800 66.524
4938.900 66.548
4939.000 66.599
4939.100 66.640
4939.200 66.677
4939.300 66.748
4939.400 66.770
4939.500 66.816
4939.600 66.882
4939.700 66.890
4939.800 66.970
4939.900 67.034
4940.000 67.015
4940.100 67.076
4940.200 67.144
4940.300 67.188
4940.400 67.239
4940.500 67.272
4940.600 67.319
4940.700 67.366
4940.800 67.401
4940.900 67.469
4941.000 67.450
4941.100 67.531
4941.200 67.577
4941.300 67.625
4941.400 67.659
4941.500 67.692
4941.600 67.752
4941.700 67.753
4941.800 67.848
4941.900 67.872
4942.000 67.919
4942.100 67.955
4942.200 67.996
4942.300 68.046
4942.400 68.068
4942.500 68.113
4942.600 68.175
4942.700 68.203
4942.800 68.244
4942.900 68.278
4943.000 68.330
4943.100 68.352
4943.200 68.406
4943.300 68.451
4943.400 68.484
4943.500 68.532
4943.600 68.565
4943.700 68.607
4943.800 68.647
4943.900 68.671
4944.000 68.720
4944.100 68.764
4944.200 68.789
4944.300 68.840
4944.400 68.863
4944.500 68.897
4944.600 68.936
4944.700 68.979
4944.800 69.031
4944.900 69.053
4945.000 69.107
4945.100 69.146
4945.200 69.158
4945.300 69.202
4945.400 69.245
4945.500 69.279
4945.600 69.328
4945.700 69.364
4945.800 69.413
4945.900 69.442
4946.000 69.487
4946.100 69.526
4946.200 69.543
4946.300 69.578
4946.400 69.618
4946.500 69.656
4946.600 69.701
4946.700 69.734
4946.800 69.775
4946.900 69.797
4947.000 69.843
4947.100 69.902
4947.200 69.908
4947.300 69.946
4947.400 69.958
4947.500 70.006
4947.600 70.034
4947.700 70.067
4947.800 70.101
4947.900 70.116
4948.000 70.177
4948.100 70.197
4948.200 70.210
4948.300 70.235
4948.400 70.240
4948.500 70.294
4948.600 70.342
4948.700 70.373
4948.800 70.409
4948.900 70.423
4949.000 70.462
4949.100 70.496
4949.200 70.523
4949.300 70.558
4949.400 70.564
4949.500 70.619
4949.600 70.623
4949.700 70.716
4949.800 70.724
4949.900 70.776
4950.000 70.754
4950.100 70.782
4950.200 70.810
4950.300 70.912
4950.400 70.875
4950.500 70.951
4950.600 70.953
4950.700 71.002
4950.800 71.007
4950.900 71.025
4951.000 71.054
4951.100 71.117
4951.200 71.142
4951.300 71.167
4951.400 71.186
4951.500 71.222
4951.600 71.262
4951.700 71.287
4951.800 71.321
4951.900 71.327
4952.000 71.378
4952.100 71.397
4952.200 71.421
4952.300 71.462
4952.400 71.471
4952.500 71.497
4952.600 71.535
4952.700 71.547
4952.800 71.583
4952.900 71.600
4953.000 71.629
4953.100 71.677
4953.200 71.681
4953.300 71.643
4953.400 71.699
4953.500 71.714
4953.600 71.733
4953.700 71.763
4953.800 71.790
4953.900 71.804
4954.000 71.832
4954.100 71.855
4954.200 71.880
4954.300 71.895
4954.400 71.907
4954.500 71.941
4954.600 71.954
4954.700 71.983
4954.800 72.006
4954.900 72.017
4955.000 72.045
4955.100 72.054
4955.200 72.078
4955.300 72.091
4955.400 72.099
4955.500 72.131
4955.600 72.143
4955.700 72.161
4955.800 72.192
4955.900 72.190
4956.000 72.202
4956.100 72.215
4956.200 72.240
4956.300 72.244
4956.400 72.263
4956.500 72.286
4956.600 72.281
4956.700 72.309
4956.800 72.310
4956.900 72.326
4957.000 72.350
4957.100 72.345
4957.200 72.370
4957.300 72.379
4957.400 72.383
4957.500 72.384
4957.600 72.391
4957.700 72.408
4957.800 72.425
4957.900 72.431
4958.000 72.440
4958.100 72.449
4958.200 72.453
4958.300 72.445
4958.400 72.460
4958.500 72.466
4958.600 72.463
4958.700 72.483
4958.800 72.498
4958.900 72.501
4959.000 72.500
4959.100 72.485
4959.200 72.497
4959.300 72.506
4959.400 72.513
4959.500 72.513
4959.600 72.505
4959.700 72.513
4959.800 72.513
4959.900 72.515
4960.000 72.510
4960.100 72.504
4960.200 72.508
4960.300 72.492
4960.400 72.496
4960.500 72.497
4960.600 72.488
4960.700 72.491
4960.800 72.463
4960.900 72.471
4961.000 72.443
4961.100 72.453
4961.200 72.429
4961.300 72.404
4961.400 72.403
4961.500 72.385
4961.600 72.366
4961.700 72.343
4961.800 72.320
4961.900 72.296
4962.000 72.260
4962.100 72.222
4962.200 72.177
4962.300 72.149
4962.400 72.133
4962.500 72.065
4962.600 72.017
4962.700 71.960
4962.800 71.890
4962.900 71.836
4963.000 71.734
4963.100 71.687
4963.200 71.569
4963.300 71.462
4963.400 71.386
4963.500 71.238
4963.600 71.186
4963.700 71.043
4963.800 70.896
4963.900 70.804
4964.000 70.657
4964.100 70.599
4964.200 70.442
4964.300 70.291
4964.400 70.250
4964.500 70.144
4964.600 70.122
4964.700 70.145
4964.800 70.217
4964.900 70.297
4965.000 70.496
4965.100 70.632
4965.200 71.015
4965.300 71.443
4965.400 71.704
4965.500 72.197
4965.600 72.416
4965.700 72.746
4965.800 72.889
4965.900 73.085
4966.000 73.228
4966.100 73.273
4966.200 73.349
4966.300 73.374
4966.400 73.413
4966.500 73.441
4966.600 73.456
4966.700 73.478
4966.800 73.489
4966.900 73.524
4967.000 73.563
4967.100 73.587
4967.200 73.624
4967.300 73.642
4967.400 73.687
4967.500 73.696
4967.600 73.731
4967.700 73.761
4967.800 73.758
4967.900 73.770
4968.000 73.772
4968.100 73.770
4968.200 73.768
4968.300 73.793
4968.400 73.779
4968.500 73.781
4968.600 73.788
4968.700 73.783
4968.800 73.767
4968.900 73.773
4969.000 73.778
4969.100 73.763
4969.200 73.764
4969.300 73.757
4969.400 73.761
4969.500 73.748
4969.600 73.759
4969.700 73.759
4969.800 73.755
4969.900 73.748
4970.000 73.755
4970.100 73.768
4970.200 73.760
4970.300 73.765
4970.400 73.764
4970.500 73.757
4970.600 73.770
4970.700 73.746
4970.800 73.748
4970.900 73.755
4971.000 73.757
4971.100 73.753
4971.200 73.754
4971.300 73.771
4971.400 73.758
4971.500 73.770
4971.600 73.754
4971.700 73.772
4971.800 73.773
4971.900 73.774
4972.000 73.774
4972.100 73.774
4972.200 73.789
4972.300 73.772
4972.400 73.767
4972.500 73.789
4972.600 73.773
4972.700 73.796
4972.800 73.807
4972.900 73.787
4973.000 73.806
4973.100 73.827
4973.200 73.812
4973.300 73.802
4973.400 73.815
4973.500 73.817
4973.600 73.815
4973.700 73.819
4973.800 73.833
4973.900 73.829
4974.000 73.834
4974.100 73.826
4974.200 73.833
4974.300 73.838
4974.400 73.855
4974.500 73.842
4974.600 73.850
4974.700 73.867
4974.800 73.868
4974.900 73.883
4975.000 73.874
4975.100 73.867
4975.200 73.886
4975.300 73.889
4975.400 73.902
4975.500 73.916
4975.600 73.914
4975.700 73.918
4975.800 73.926
4975.900 73.929
4976.000 73.928
4976.100 73.942
4976.200 73.944
4976.300 73.955
4976.400 73.964
4976.500 73.970
4976.600 73.976
4976.700 73.976
4976.800 73.998
4976.900 73.994
4977.000 74.003
4977.100 74.002
4977.200 74.024
4977.300 74.030
4977.400 74.028
4977.500 74.050
4977.600 74.051
4977.700 74.071
4977.800 74.064
4977.900 74.076
4978.000 74.100
4978.100 74.090
4978.200 74.104
4978.300 74.109
4978.400 74.118
4978.500 74.133
4978.600 74.127
4978.700 74.134
4978.800 74.148
4978.900 74.155
4979.000 74.166
4979.100 74.170
4979.200 74.176
4979.300 74.187
4979.400 74.205
4979.500 74.202
4979.600 74.214
4979.700 74.218
4979.800 74.216
4979.900 74.238
4980.000 74.234
4980.100 74.251
4980.200 74.262
4980.300 74.268
4980.400 74.282
4980.500 74.293
4980.600 74.294
4980.700 74.304
4980.800 74.320
4980.900 74.316
4981.000 74.335
4981.100 74.344
4981.200 74.351
4981.300 74.354
4981.400 74.359
4981.500 74.372
4981.600 74.380
4981.700 74.388
4981.800 74.390
4981.900 74.406
4982.000 74.415
4982.100 74.424
4982.200 74.432
4982.300 74.435
4982.400 74.439
4982.500 74.442
4982.600 74.448
4982.700 74.463
4982.800 74.469
4982.900 74.483
4983.000 74.470
4983.100 74.484
4983.200 74.514
4983.300 74.509
4983.400 74.510
4983.500 74.515
4983.600 74.532
4983.700 74.526
4983.800 74.545
4983.900 74.546
4984.000 74.545
4984.100 74.555
4984.200 74.561
4984.300 74.562
4984.400 74.574
4984.500 74.591
4984.600 74.582
4984.700 74.589
4984.800 74.596
4984.900 74.599
4985.000 74.619
4985.100 74.612
4985.200 74.611
4985.300 74.615
4985.400 74.626
4985.500 74.636
4985.600 74.636
4985.700 74.629
4985.800 74.635
4985.900 74.649
4986.000 74.655
4986.100 74.656
4986.200 74.651
4986.300 74.657
4986.400 74.658
4986.500 74.664
4986.600 74.667
4986.700 74.656
4986.800 74.656
4986.900 74.666
4987.000 74.666
4987.100 74.664
4987.200 74.659
4987.300 74.665
4987.400 74.662
4987.500 74.662
4987.600 74.660
4987.700 74.661
4987.800 74.658
4987.900 74.656
4988.000 74.660
4988.100 74.650
4988.200 74.649
4988.300 74.639
4988.400 74.635
4988.500 74.632
4988.600 74.632
4988.700 74.624
4988.800 74.624
4988.900 74.612
4989.000 74.615
4989.100 74.606
4989.200 74.584
4989.300 74.597
4989.400 74.578
4989.500 74.579
4989.600 74.574
4989.700 74.563
4989.800 74.568
4989.900 74.543
4990.000 74.542
4990.100 74.541
4990.200 74.529
4990.300 74.516
4990.400 74.516
4990.500 74.511
4990.600 74.526
4990.700 74.489
4990.800 74.493
4990.900 74.446
4991.000 74.487
4991.100 74.471
4991.200 74.447
4991.300 74.407
4991.400 74.439
4991.500 74.394
4991.600 74.461
4991.700 74.433
4991.800 74.357
4991.900 74.330
4992.000 74.333
4992.100 74.372
4992.200 74.413
4992.300 74.335
4992.400 74.375
4992.500 74.362
4992.600 74.405
4992.700 74.238
4992.800 74.219
4992.900 74.228
4993.000 74.259
4993.100 74.248
4993.200 74.168
4993.300 74.308
4993.400 74.343
4993.500 74.340
4993.600 74.336
4993.700 74.315
4993.800 74.130
4993.900 74.217
4994.000 74.290
4994.100 74.160
4994.200 74.244
4994.300 74.283
4994.400 74.244
4994.500 74.099
4994.600 74.255
4994.700 74.090
4994.800 74.086
4994.900 74.218
4995.000 74.173
4995.100 74.101
4995.200 74.112
4995.300 74.192
4995.400 74.136
4995.500 73.901
4995.600 74.120
4995.700 73.887
4995.800 74.000
4995.900 73.962
4996.000 73.992
4996.100 74.100
4996.200 73.864
4996.300 74.081
4996.400 73.974
4996.500 73.836
4996.600 73.925
4996.700 73.947
4996.800 73.906
4996.900 73.836
4997.000 73.847
4997.100 73.977
4997.200 73.824
4997.300 73.952
4997.400 73.782
4997.500 73.803
4997.600 73.777
4997.700 73.925
4997.800 73.794
4997.900 73.884
4998.000 73.763
4998.100 73.795
4998.200 73.834
4998.300 73.828
4998.400 73.823
4998.500 73.760
4998.600 73.742
4998.700 73.798
4998.800 73.713
4998.900 73.751
4999.000 73.728
4999.100 73.720
4999.200 73.757
4999.300 73.736
4999.400 73.741
4999.500 73.710
4999.600 73.725
4999.700 73.670
4999.800 73.647
4999.900 73.689
5000.000 73.630
5000.100 73.639
5000.200 73.644
5000.300 73.664
5000.400 73.639
5000.500 73.608
5000.600 73.650
5000.700 73.575
5000.800 73.574
5000.900 73.661
5001.000 73.650
5001.100 73.572
5001.200 73.647
5001.300 73.635
5001.400 73.644
5001.500 73.653
5001.600 73.557
5001.700 73.499
5001.800 73.618
5001.900 73.470
5002.000 73.458
5002.100 73.543
5002.200 73.447
5002.300 73.677
5002.400 73.582
5002.500 73.454
5002.600 73.480
5002.700 73.598
5002.800 73.518
5002.900 73.359
5003.000 73.511
5003.100 73.552
5003.200 73.500
5003.300 73.651
5003.400 73.493
5003.500 73.382
5003.600 73.553
5003.700 73.553
5003.800 73.402
5003.900 73.318
5004.000 73.625
5004.100 73.388
5004.200 73.585
5004.300 73.567
5004.400 73.429
5004.500 73.564
5004.600 73.374
5004.700 73.324
5004.800 73.346
5004.900 73.332
5005.000 73.396
5005.100 73.496
5005.200 73.343
5005.300 73.433
5005.400 73.383
5005.500 73.435
5005.600 73.451
5005.700 73.445
5005.800 73.354
5005.900 73.369
5006.000 73.365
5006.100 73.365
5006.200 73.409
5006.300 73.372
5006.400 73.380
5006.500 73.367
5006.600 73.353
5006.700 73.382
5006.800 73.367
5006.900 73.363
5007.000 73.382
5007.100 73.383
5007.200 73.350
5007.300 73.364
5007.400 73.351
5007.500 73.354
5007.600 73.366
5007.700 73.327
5007.800 73.357
5007.900 73.346
5008.000 73.344
5008.100 73.340
5008.200 73.343
5008.300 73.342
5008.400 73.344
5008.500 73.351
5008.600 73.350
5008.700 73.291
5008.800 73.337
5008.900 73.281
5009.000 73.323
5009.100 73.273
5009.200 73.338
5009.300 73.339
5009.400 73.335
5009.500 73.278
5009.600 73.260
5009.700 73.284
5009.800 73.288
5009.900 73.301
5010.000 73.264
5010.100 73.305
5010.200 73.307
5010.300 73.295
5010.400 73.265
5010.500 73.279
5010.600 73.270
5010.700 73.275
5010.800 73.247
5010.900 73.263
5011.000 73.259
5011.100 73.250
5011.200 73.251
5011.300 73.245
5011.400 73.236
5011.500 73.236
5011.600 73.235
5011.700 73.218
5011.800 73.226
5011.900 73.216
5012.000 73.225
5012.100 73.221
5012.200 73.201
5012.300 73.223
5012.400 73.204
5012.500 73.202
5012.600 73.181
5012.700 73.183
5012.800 73.190
5012.900 73.191
5013.000 73.178
5013.100 73.168
5013.200 73.163
5013.300 73.156
5013.400 73.161
5013.500 73.152
5013.600 73.151
5013.700 73.144
5013.800 73.133
5013.900 73.132
5014.000 73.124
5014.100 73.116
5014.200 73.113
5014.300 73.104
5014.400 73.106
5014.500 73.089
5014.600 73.087
5014.700 73.087
5014.800 73.075
5014.900 73.078
5015.000 73.065
5015.100 73.054
5015.200 73.050
5015.300 73.040
5015.400 73.038
5015.500 73.031
5015.600 73.018
5015.700 73.011
5015.800 73.001
5015.900 72.998
5016.000 72.984
5016.100 72.979
5016.200 72.962
5016.300 72.953
5016.400 72.945
5016.500 72.940
5016.600 72.926
5016.700 72.917
5016.800 72.907
5016.900 72.901
5017.000 72.892
5017.100 72.877
5017.200 72.866
5017.300 72.854
5017.400 72.843
5017.500 72.824
5017.600 72.814
5017.700 72.798
5017.800 72.786
5017.900 72.773
5018.000 72.760
5018.100 72.752
5018.200 72.726
5018.300 72.714
5018.400 72.700
5018.500 72.675
5018.600 72.668
5018.700 72.643
5018.800 72.638
5018.900 72.620
5019.000 72.594
5019.100 72.597
5019.200 72.578
5019.300 72.545
5019.400 72.519
5019.500 72.515
5019.600 72.489
5019.700 72.470
5019.800 72.445
5019.900 72.430
5020.000 72.402
5020.100 72.400
5020.200 72.345
5020.300 72.342
5020.400 72.326
5020.500 72.268
5020.600 72.256
5020.700 72.231
5020.800 72.220
5020.900 72.192
5021.000 72.149
5021.100 72.141
5021.200 72.094
5021.300 72.069
5021.400 72.027
5021.500 71.987
5021.600 71.966
5021.700 71.923
5021.800 71.914
5021.900 71.846
5022.000 71.804
5022.100 71.795
5022.200 71.730
5022.300 71.716
5022.400 71.679
5022.500 71.660
5022.600 71.632
5022.700 71.579
5022.800 71.513
5022.900 71.457
5023.000 71.410
5023.100 71.412
5023.200 71.386
5023.300 71.334
5023.400 71.272
5023.500 71.235
5023.600 71.182
5023.700 71.142
5023.800 71.076
5023.900 71.066
5024.000 71.000
5024.100 70.978
5024.200 70.901
5024.300 70.877
5024.400 70.828
5024.500 70.757
5024.600 70.727
5024.700 70.682
5024.800 70.662
5024.900 70.583
5025.000 70.516
5025.100 70.494
5025.200 70.444
5025.300 70.401
5025.400 70.351
5025.500 70.286
5025.600 70.267
5025.700 70.216
5025.800 70.167
5025.900 70.122
5026.000 70.055
5026.100 69.992
5026.200 69.972
5026.300 69.935
5026.400 69.895
5026.500 69.842
5026.600 69.845
5026.700 69.776
5026.800 69.748
5026.900 69.696
5027.000 69.629
5027.100 69.570
5027.200 69.531
5027.300 69.537
5027.400 69.473
5027.500 69.394
5027.600 69.405
5027.700 69.313
5027.800 69.301
5027.900 69.230
5028.000 69.181
5028.100 69.161
5028.200 69.125
5028.300 69.074
5028.400 69.012
5028.500 68.969
5028.600 68.935
5028.700 68.867
5028.800 68.826
5028.900 68.757
5029.000 68.696
5029.100 68.672
5029.200 68.604
5029.300 68.574
5029.400 68.499
5029.500 68.435
5029.600 68.388
5029.700 68.334
5029.800 68.303
5029.900 68.221
5030.000 68.168
5030.100 68.139
5030.200 68.050
5030.300 68.032
5030.400 67.955
5030.500 67.887
5030.600 67.844
5030.700 67.771
5030.800 67.736
5030.900 67.672
5031.000 67.648
5031.100 67.559
5031.200 67.476
5031.300 67.420
5031.400 67.380
5031.500 67.367
5031.600 67.272
5031.700 67.179
5031.800 67.170
5031.900 67.101
5032.000 67.059
5032.100 66.970
5032.200 66.898
5032.300 66.892
5032.400 66.785
5032.500 66.748
5032.600 66.675
5032.700 66.618
5032.800 66.578
5032.900 66.502
5033.000 66.470
5033.100 66.388
5033.200 66.311
5033.300 66.267
5033.400 66.208
5033.500 66.172
5033.600 66.082
5033.700 65.986
5033.800 65.947
5033.900 65.873
5034.000 65.828
5034.100 65.779
5034.200 65.678
5034.300 65.643
5034.400 65.567
5034.500 65.527
5034.600 65.436
5034.700 65.376
5034.800 65.330
5034.900 65.253
5035.000 65.231
5035.100 65.134
5035.200 65.060
5035.300 65.000
5035.400 64.932
5035.500 64.886
5035.600 64.810
5035.700 64.719
5035.800 64.677
5035.900 64.603
5036.000 64.548
5036.100 64.489
5036.200 64.404
5036.300 64.356
5036.400 64.261
5036.500 64.224
5036.600 64.140
5036.700 64.059
5036.800 64.013
5036.900 63.928
5037.000 63.891
5037.100 63.783
5037.200 63.740
5037.300 63.655
5037.400 63.558
5037.500 63.514
5037.600 63.443
5037.700 63.399
5037.800 63.319
5037.900 63.211
5038.000 63.172
5038.100 63.081
5038.200 63.037
5038.300 62.945
5038.400 62.857
5038.500 62.813
5038.600 62.713
5038.700 62.654
5038.800 62.576
5038.900 62.454
5039.000 62.409
5039.100 62.321
5039.200 62.267
5039.300 62.161
5039.400 62.064
5039.500 62.030
5039.600 61.891
5039.700 61.847
5039.800 61.697
5039.900 61.605
5040.000 61.553
5040.100 61.435
5040.200 61.355
5040.300 61.230
5040.400 61.115
5040.500 61.008
5040.600 60.895
5040.700 60.807
5040.800 60.664
5040.900 60.541
5041.000 60.485
5041.100 60.327
5041.200 60.247
5041.300 60.077
5041.400 59.957
5041.500 59.880
5041.600 59.717
5041.700 59.671
5041.800 59.517
5041.900 59.355
5042.000 59.283
5042.100 59.194
5042.200 59.137
5042.300 59.023
5042.400 58.798
5042.500 58.755
5042.600 58.639
5042.700 58.613
5042.800 58.506
5042.900 58.406
5043.000 58.337
5043.100 58.192
5043.200 58.146
5043.300 58.031
5043.400 57.930
5043.500 57.868
5043.600 57.747
5043.700 57.671
5043.800 57.535
5043.900 57.399
5044.000 57.316
5044.100 57.184
5044.200 57.101
5044.300 56.984
5044.400 56.841
5044.500 56.773
5044.600 56.649
5044.700 56.581
5044.800 56.468
5044.900 56.317
5045.000 56.256
5045.100 56.129
5045.200 56.070
5045.300 55.910
5045.400 55.777
5045.500 55.715
5045.600 55.602
5045.700 55.528
5045.800 55.409
5045.900 55.280
5046.000 55.202
5046.100 55.065
5046.200 55.021
5046.300 54.925
5046.400 54.740
5046.500 54.700
5046.600 54.580
5046.700 54.548
5046.800 54.403
5046.900 54.265
5047.000 54.189
5047.100 54.075
5047.200 54.019
5047.300 53.892
5047.400 53.804
5047.500 53.745
5047.600 53.603
5047.700 53.538
5047.800 53.445
5047.900 53.318
5048.000 53.258
5048.100 53.137
5048.200 53.059
5048.300 52.945
5048.400 52.842
5048.500 52.758
5048.600 52.664
5048.700 52.577
5048.800 52.469
5048.900 52.424
5049.000 52.303
5049.100 52.177
5049.200 52.160
5049.300 52.028
5049.400 51.959
5049.500 51.850
5049.600 51.798
5049.700 51.687
5049.800 51.530
5049.900 51.515
5050.000 51.394
5050.100 51.295
5050.200 51.248
5050.300 51.123
5050.400 51.085
5050.500 50.965
5050.600 50.845
5050.700 50.816
5050.800 50.683
5050.900 50.636
5051.000 50.543
5051.100 50.440
5051.200 50.359
5051.300 50.269
5051.400 50.218
5051.500 50.088
5051.600 50.000
5051.700 49.931
5051.800 49.825
5051.900 49.765
5052.000 49.668
5052.100 49.563
5052.200 49.521
5052.300 49.429
5052.400 49.369
5052.500 49.260
5052.600 49.159
5052.700 49.103
5052.800 49.021
5052.900 48.984
5053.000 48.855
5053.100 48.763
5053.200 48.710
5053.300 48.591
5053.400 48.547
5053.500 48.477
5053.600 48.379
5053.700 48.314
5053.800 48.207
5053.900 48.164
5054.000 48.060
5054.100 47.955
5054.200 47.906
5054.300 47.816
5054.400 47.781
5054.500 47.678
5054.600 47.570
5054.700 47.503
5054.800 47.440
5054.900 47.394
5055.000 47.278
5055.100 47.191
5055.200 47.133
5055.300 47.047
5055.400 46.997
5055.500 46.911
5055.600 46.796
5055.700 46.754
5055.800 46.653
5055.900 46.611
5056.000 46.526
5056.100 46.446
5056.200 46.400
5056.300 46.272
5056.400 46.225
5056.500 46.119
5056.600 46.056
5056.700 46.004
5056.800 45.921
5056.900 45.886
5057.000 45.811
5057.100 45.726
5057.200 45.657
5057.300 45.574
5057.400 45.521
5057.500 45.437
5057.600 45.352
5057.700 45.302
5057.800 45.216
5057.900 45.183
5058.000 45.078
5058.100 45.005
5058.200 44.977
5058.300 44.869
5058.400 44.812
5058.500 44.744
5058.600 44.660
5058.700 44.596
5058.800 44.521
5058.900 44.481
5059.000 44.397
5059.100 44.332
5059.200 44.271
5059.300 44.186
5059.400 44.146
5059.500 44.057
5059.600 43.947
5059.700 43.931
5059.800 43.855
5059.900 43.795
5060.000 43.738
5060.100 43.638
5060.200 43.581
5060.300 43.501
5060.400 43.466
5060.500 43.398
5060.600 43.311
5060.700 43.268
5060.800 43.171
5060.900 43.122
5061.000 43.019
5061.100 42.999
5061.200 42.957
5061.300 42.883
5061.400 42.848
5061.500 42.758
5061.600 42.698
5061.700 42.635
5061.800 42.534
5061.900 42.475
5062.000 42.416
5062.100 42.390
5062.200 42.314
5062.300 42.233
5062.400 42.206
5062.500 42.124
5062.600 42.087
5062.700 42.007
5062.800 41.914
5062.900 41.886
5063.000 41.807
5063.100 41.762
5063.200 41.685
5063.300 41.623
5063.400 41.572
5063.500 41.510
5063.600 41.464
5063.700 41.383
5063.800 41.328
5063.900 41.286
5064.000 41.216
5064.100 41.188
5064.200 41.112
5064.300 41.033
5064.400 40.986
5064.500 40.904
5064.600 40.860
5064.700 40.762
5064.800 40.687
5064.900 40.664
5065.000 40.638
5065.100 40.617
5065.200 40.568
5065.300 40.474
5065.400 40.420
5065.500 40.333
5065.600 40.278
5065.700 40.209
5065.800 40.168
5065.900 40.133
5066.000 40.079
5066.100 40.030
5066.200 39.957
5066.300 39.898
5066.400 39.864
5066.500 39.767
5066.600 39.740
5066.700 39.665
5066.800 39.597
5066.900 39.553
5067.000 39.491
5067.100 39.484
5067.200 39.393
5067.300 39.311
5067.400 39.278
5067.500 39.223
5067.600 39.182
5067.700 39.124
5067.800 39.061
5067.900 39.022
5068.000 38.961
5068.100 38.913
5068.200 38.851
5068.300 38.777
5068.400 38.752
5068.500 38.683
5068.600 38.662
5068.700 38.581
5068.800 38.532
5068.900 38.504
5069.000 38.430
5069.100 38.387
5069.200 38.316
5069.300 38.260
5069.400 38.228
5069.500 38.163
5069.600 38.143
5069.700 38.072
5069.800 38.027
5069.900 37.988
5070.000 37.913
5070.100 37.873
5070.200 37.812
5070.300 37.762
5070.400 37.715
5070.500 37.650
5070.600 37.628
5070.700 37.582
5070.800 37.496
5070.900 37.479
5071.000 37.409
5071.100 37.379
5071.200 37.320
5071.300 37.253
5071.400 37.219
5071.500 37.165
5071.600 37.145
5071.700 37.075
5071.800 37.000
5071.900 36.978
5072.000 36.925
5072.100 36.897
5072.200 36.832
5072.300 36.771
5072.400 36.756
5072.500 36.658
5072.600 36.634
5072.700 36.597
5072.800 36.559
5072.900 36.498
5073.000 36.431
5073.100 36.408
5073.200 36.340
5073.300 36.307
5073.400 36.263
5073.500 36.201
5073.600 36.179
5073.700 36.121
5073.800 36.089
5073.900 36.017
5074.000 35.976
5074.100 35.943
5074.200 35.876
5074.300 35.858
5074.400 35.818
5074.500 35.753
5074.600 35.726
5074.700 35.656
5074.800 35.645
5074.900 35.577
5075.000 35.504
5075.100 35.483
5075.200 35.426
5075.300 35.402
5075.400 35.358
5075.500 35.280
5075.600 35.258
5075.700 35.214
5075.800 35.184
5075.900 35.123
5076.000 35.055
5076.100 35.042
5076.200 35.001
5076.300 34.967
5076.400 34.902
5076.500 34.854
5076.600 34.833
5076.700 34.785
5076.800 34.751
5076.900 34.700
5077.000 34.623
5077.100 34.604
5077.200 34.568
5077.300 34.524
5077.400 34.480
5077.500 34.405
5077.600 34.394
5077.700 34.339
5077.800 34.310
5077.900 34.265
5078.000 34.214
5078.100 34.181
5078.200 34.130
5078.300 34.104
5078.400 34.044
5078.500 34.009
5078.600 33.968
5078.700 33.918
5078.800 33.881
5078.900 33.835
5079.000 33.780
5079.100 33.766
5079.200 33.715
5079.300 33.691
5079.400 33.624
5079.500 33.573
5079.600 33.544
5079.700 33.514
5079.800 33.490
5079.900 33.435
5080.000 33.397
5080.100 33.378
5080.200 33.332
5080.300 33.300
5080.400 33.221
5080.500 33.173
5080.600 33.155
5080.700 33.111
5080.800 33.075
5080.900 33.018
5081.000 32.994
5081.100 32.965
5081.200 32.912
5081.300 32.890
5081.400 32.840
5081.500 32.794
5081.600 32.761
5081.700 32.707
5081.800 32.697
5081.900 32.655
5082.000 32.600
5082.100 32.567
5082.200 32.526
5082.300 32.493
5082.400 32.440
5082.500 32.392
5082.600 32.373
5082.700 32.330
5082.800 32.307
5082.900 32.262
5083.000 32.218
5083.100 32.189
5083.200 32.136
5083.300 32.101
5083.400 32.061
5083.500 32.021
5083.600 32.000
5083.700 31.958
5083.800 31.929
5083.900 31.886
5084.000 31.830
5084.100 31.811
5084.200 31.759
5084.300 31.746
5084.400 31.700
5084.500 31.669
5084.600 31.628
5084.700 31.577
5084.800 31.549
5084.900 31.498
5085.000 31.491
5085.100 31.443
5085.200 31.405
5085.300 31.389
5085.400 31.335
5085.500 31.307
5085.600 31.280
5085.700 31.228
5085.800 31.205
5085.900 31.146
5086.000 31.124
5086.100 31.081
5086.200 31.052
5086.300 31.016
5086.400 30.978
5086.500 30.966
5086.600 30.915
5086.700 30.861
5086.800 30.835
5086.900 30.778
5087.000 30.770
5087.100 30.734
5087.200 30.691
5087.300 30.657
5087.400 30.635
5087.500 30.607
5087.600 30.558
5087.700 30.511
5087.800 30.489
5087.900 30.454
5088.000 30.422
5088.100 30.389
5088.200 30.351
5088.300 30.345
5088.400 30.292
5088.500 30.263
5088.600 30.229
5088.700 30.192
5088.800 30.155
5088.900 30.106
5089.000 30.102
5089.100 30.052
5089.200 30.015
5089.300 29.996
5089.400 29.968
5089.500 29.932
5089.600 29.893
5089.700 29.839
5089.800 29.830
5089.900 29.782
5090.000 29.775
5090.100 29.740
5090.200 29.683
5090.300 29.655
5090.400 29.626
5090.500 29.607
5090.600 29.571
5090.700 29.511
5090.800 29.491
5090.900 29.462
5091.000 29.445
5091.100 29.403
5091.200 29.368
5091.300 29.355
5091.400 29.304
5091.500 29.281
5091.600 29.223
5091.700 29.200
5091.800 29.182
5091.900 29.144
5092.000 29.123
5092.100 29.100
5092.200 29.050
5092.300 29.026
5092.400 28.992
5092.500 28.971
5092.600 28.917
5092.700 28.909
5092.800 28.879
5092.900 28.839
5093.000 28.822
5093.100 28.781
5093.200 28.728
5093.300 28.719
5093.400 28.678
5093.500 28.657
5093.600 28.622
5093.700 28.592
5093.800 28.564
5093.900 28.518
5094.000 28.503
5094.100 28.471
5094.200 28.446
5094.300 28.432
5094.400 28.390
5094.500 28.372
5094.600 28.321
5094.700 28.287
5094.800 28.267
5094.900 28.236
5095.000 28.217
5095.100 28.172
5095.200 28.134
5095.300 28.115
5095.400 28.078
5095.500 28.077
5095.600 28.028
5095.700 27.998
5095.800 27.976
5095.900 27.933
5096.000 27.923
5096.100 27.871
5096.200 27.844
5096.300 27.844
5096.400 27.785
5096.500 27.763
5096.600 27.751
5096.700 27.720
5096.800 27.683
5096.900 27.654
5097.000 27.632
5097.100 27.585
5097.200 27.579
5097.300 27.558
5097.400 27.511
5097.500 27.490
5097.600 27.457
5097.700 27.442
5097.800 27.399
5097.900 27.362
5098.000 27.353
5098.100 27.320
5098.200 27.305
5098.300 27.272
5098.400 27.217
5098.500 27.203
5098.600 27.178
5098.700 27.157
5098.800 27.132
5098.900 27.086
5099.000 27.073
5099.100 27.040
5099.200 27.010
5099.300 26.983
5099.400 26.959
5099.500 26.943
5099.600 26.910
5099.700 26.897
5099.800 26.850
5099.900 26.818
5100.000 26.787
