4900.100 25.346
4900.200 18.712
4900.300 18.328
4900.400 18.069
4900.500 18.105
4900.600 18.260
4900.700 18.315
4900.800 18.378
4900.900 18.411
4901.000 18.438
4901.100 18.463
4901.200 18.481
4901.300 18.520
4901.400 18.551
4901.500 18.569
4901.600 18.606
4901.700 18.625
4901.800 18.660
4901.900 18.708
4902.000 18.733
4902.100 18.767
4902.200 18.785
4902.300 18.814
4902.400 18.848
4902.500 18.884
4902.600 18.908
4902.700 18.939
4902.800 19.003
4902.900 19.057
4903.000 19.071
4903.100 19.100
4903.200 19.109
4903.300 19.159
4903.400 19.194
4903.500 19.213
4903.600 19.252
4903.700 19.272
4903.800 19.302
4903.900 19.353
4904.000 19.377
4904.100 19.423
4904.200 19.434
4904.300 19.477
4904.400 19.528
4904.500 19.534
4904.600 19.576
4904.700 19.592
4904.800 19.628
4904.900 19.686
4905.000 19.705
4905.100 19.737
4905.200 19.761
4905.300 19.802
4905.400 19.860
4905.500 19.849
4905.600 19.909
4905.700 19.911
4905.800 19.970
4905.900 19.996
4906.000 20.021
4906.100 20.080
4906.200 20.104
4906.300 20.141
4906.400 20.165
4906.500 20.196
4906.600 20.249
4906.700 20.276
4906.800 20.312
4906.900 20.359
4907.000 20.375
4907.100 20.415
4907.200 20.444
4907.300 20.488
4907.400 20.536
4907.500 20.535
4907.600 20.585
4907.700 20.641
4907.800 20.648
4907.900 20.718
4908.000 20.729
4908.100 20.757
4908.200 20.773
4908.300 20.846
4908.400 20.877
4908.500 20.886
4908.600 20.947
4908.700 20.968
4908.800 21.017
4908.900 21.051
4909.000 21.085
4909.100 21.139
4909.200 21.148
4909.300 21.189
4909.400 21.250
4909.500 21.263
4909.600 21.311
4909.700 21.345
4909.800 21.380
4909.900 21.419
4910.000 21.465
4910.100 21.499
4910.200 21.530
4910.300 21.567
4910.400 21.620
4910.500 21.628
4910.600 21.720
4910.700 21.747
4910.800 21.768
4910.900 21.795
4911.000 21.833
4911.100 21.874
4911.200 21.898
4911.300 21.969
4911.400 21.979
4911.500 21.994
4911.600 22.076
4911.700 22.034
4911.800 22.143
4911.900 22.139
4912.000 22.253
4912.100 22.292
4912.200 22.316
4912.300 22.338
4912.400 22.378
4912.500 22.423
4912.600 22.460
4912.700 22.496
4912.800 22.534
4912.900 22.565
4913.000 22.623
4913.100 22.661
4913.200 22.694
4913.300 22.747
4913.400 22.773
4913.500 22.817
4913.600 22.877
4913.700 22.894
4913.800 22.962
4913.900 22.969
4914.000 23.024
4914.100 23.069
4914.200 23.104
4914.300 23.160
4914.400 23.181
4914.500 23.236
4914.600 23.297
4914.700 23.318
4914.800 23.355
4914.900 23.382
4915.000 23.454
4915.100 23.501
4915.200 23.531
4915.300 23.585
4915.400 23.612
4915.500 23.669
4915.600 23.721
4915.700 23.749
4915.800 23.802
4915.900 23.826
4916.000 23.883
4916.100 23.950
4916.200 23.981
4916.300 24.035
4916.400 24.056
4916.500 24.098
4916.600 24.160
4916.700 24.204
4916.800 24.243
4916.900 24.275
4917.000 24.337
4917.100 24.402
4917.200 24.419
4917.300 24.468
4917.400 24.492
4917.500 24.567
4917.600 24.625
4917.700 24.639
4917.800 24.696
4917.900 24.742
4918.000 24.796
4918.100 24.854
4918.200 24.896
4918.300 24.947
4918.400 24.984
4918.500 25.041
4918.600 25.084
4918.700 25.125
4918.800 25.177
4918.900 25.206
4919.000 25.281
4919.100 25.330
4919.200 25.364
4919.300 25.418
4919.400 25.473
4919.500 25.518
4919.600 25.574
4919.700 25.600
4919.800 25.664
4919.900 25.704
4920.000 25.758
4920.100 25.821
4920.200 25.865
4920.300 25.924
4920.400 25.953
4920.500 26.006
4920.600 26.077
4920.700 26.105
4920.800 26.181
4920.900 26.217
4921.000 26.273
4921.100 26.329
4921.200 26.357
4921.300 26.419
4921.400 26.454
4921.500 26.519
4921.600 26.599
4921.700 26.622
4921.800 26.692
4921.900 26.726
4922.000 26.794
4922.100 26.857
4922.200 26.891
4922.300 26.967
4922.400 26.995
4922.500 27.056
4922.600 27.132
4922.700 27.162
4922.800 27.237
4922.900 27.264
4923.000 27.319
4923.100 27.401
4923.200 27.440
4923.300 27.508
4923.400 27.534
4923.500 27.600
4923.600 27.681
4923.700 27.709
4923.800 27.783
4923.900 27.813
4924.000 27.881
4924.100 27.920
4924.200 27.987
4924.300 28.062
4924.400 28.096
4924.500 28.165
4924.600 28.208
4924.700 28.266
4924.800 28.372
4924.900 28.385
4925.000 28.457
4925.100 28.494
4925.200 28.577
4925.300 28.643
4925.400 28.680
4925.500 28.750
4925.600 28.788
4925.700 28.851
4925.800 28.952
4925.900 28.984
4926.000 29.047
4926.100 29.098
4926.200 29.164
4926.300 29.237
4926.400 29.286
4926.500 29.363
4926.600 29.395
4926.700 29.471
4926.800 29.561
4926.900 29.604
4927.000 29.677
4927.100 29.709
4927.200 29.776
4927.300 29.859
4927.400 29.900
4927.500 29.983
4927.600 30.025
4927.700 30.121
4927.800 30.215
4927.900 30.238
4928.000 30.322
4928.100 30.344
4928.200 30.408
4928.300 30.506
4928.400 30.535
4928.500 30.636
4928.600 30.679
4928.700 30.768
4928.800 30.841
4928.900 30.894
4929.000 30.974
4929.100 31.066
4929.200 31.101
4929.300 31.176
4929.400 31.219
4929.500 31.290
4929.600 31.350
4929.700 31.442
4929.800 31.531
4929.900 31.584
4930.000 31.638
4930.100 31.726
4930.200 31.793
4930.300 31.831
4930.400 31.934
4930.500 32.006
4930.600 32.059
4930.700 32.149
4930.800 32.194
4930.900 32.299
4931.000 32.363
4931.100 32.438
4931.200 32.500
4931.300 32.551
4931.400 32.651
4931.500 32.727
4931.600 32.774
4931.700 32.893
4931.800 32.853
4931.900 32.996
4932.000 33.084
4932.100 33.153
4932.200 33.248
4932.300 33.307
4932.400 33.411
4932.500 33.503
4932.600 33.555
4932.700 33.641
4932.800 33.751
4932.900 33.799
4933.000 33.886
4933.100 33.931
4933.200 34.031
4933.300 34.121
4933.400 34.203
4933.500 34.304
4933.600 34.346
4933.700 34.444
4933.800 34.518
4933.900 34.576
4934.000 34.697
4934.100 34.752
4934.200 34.841
4934.300 34.956
4934.400 34.996
4934.500 35.091
4934.600 35.143
4934.700 35.264
4934.800 35.372
4934.900 35.421
4935.000 35.533
4935.100 35.580
4935.200 35.685
4935.300 35.793
4935.400 35.851
4935.500 35.952
4935.600 36.005
4935.700 36.132
4935.800 36.242
4935.900 36.299
4936.000 36.430
4936.100 36.471
4936.200 36.559
4936.300 36.634
4936.400 36.744
4936.500 36.868
4936.600 36.916
4936.700 37.042
4936.800 37.087
4936.900 37.197
4937.000 37.325
4937.100 37.387
4937.200 37.536
4937.300 37.581
4937.400 37.695
4937.500 37.780
4937.600 37.845
4937.700 37.981
4937.800 38.030
4937.900 38.164
4938.000 38.286
4938.100 38.358
4938.200 38.471
4938.300 38.536
4938.400 38.663
4938.500 38.778
4938.600 38.846
4938.700 38.965
4938.800 39.023
4938.900 39.158
4939.000 39.285
4939.100 39.361
4939.200 39.473
4939.300 39.553
4939.400 39.655
4939.500 39.788
4939.600 39.901
4939.700 40.007
4939.800 40.062
4939.900 40.193
4940.000 40.326
4940.100 40.411
4940.200 40.539
4940.300 40.615
4940.400 40.744
4940.500 40.907
4940.600 40.975
4940.700 41.084
4940.800 41.167
4940.900 41.312
4941.000 41.451
4941.100 41.525
4941.200 41.676
4941.300 41.733
4941.400 41.880
4941.500 42.047
4941.600 42.107
4941.700 42.256
4941.800 42.323
4941.900 42.484
4942.000 42.546
4942.100 42.725
4942.200 42.861
4942.300 42.927
4942.400 43.086
4942.500 43.156
4942.600 43.329
4942.700 43.480
4942.800 43.555
4942.900 43.724
4943.000 43.794
4943.100 43.940
4943.200 44.105
4943.300 44.183
4943.400 44.348
4943.500 44.429
4943.600 44.606
4943.700 44.767
4943.800 44.844
4943.900 45.008
4944.000 45.088
4944.100 45.260
4944.200 45.411
4944.300 45.510
4944.400 45.686
4944.500 45.760
4944.600 45.951
4944.700 46.120
4944.800 46.207
4944.900 46.390
4945.000 46.474
4945.100 46.643
4945.200 46.830
4945.300 46.909
4945.400 47.083
4945.500 47.196
4945.600 47.364
4945.700 47.545
4945.800 47.652
4945.900 47.814
4946.000 47.913
4946.100 48.114
4946.200 48.312
4946.300 48.396
4946.400 48.588
4946.500 48.691
4946.600 48.892
4946.700 49.052
4946.800 49.181
4946.900 49.362
4947.000 49.485
4947.100 49.693
4947.200 49.883
4947.300 49.985
4947.400 50.198
4947.500 50.293
4947.600 50.510
4947.700 50.730
4947.800 50.845
4947.900 51.059
4948.000 51.160
4948.100 51.363
4948.200 51.577
4948.300 51.693
4948.400 51.929
4948.500 52.034
4948.600 52.256
4948.700 52.478
4948.800 52.584
4948.900 52.817
4949.000 52.922
4949.100 53.157
4949.200 53.422
4949.300 53.533
4949.400 53.767
4949.500 53.920
4949.600 54.139
4949.700 54.340
4949.800 54.490
4949.900 54.741
4950.000 54.858
4950.100 55.135
4950.200 55.353
4950.300 55.462
4950.400 55.711
4950.500 55.816
4950.600 56.068
4950.700 56.381
4950.800 56.558
4950.900 56.819
4951.000 56.938
4951.100 57.186
4951.200 57.429
4951.300 57.591
4951.400 57.867
4951.500 58.021
4951.600 58.290
4951.700 58.572
4951.800 58.705
4951.900 58.768
4952.000 58.931
4952.100 59.180
4952.200 59.460
4952.300 59.616
4952.400 59.905
4952.500 60.054
4952.600 60.333
4952.700 60.652
4952.800 60.821
4952.900 61.077
4953.000 61.264
4953.100 61.529
4953.200 61.765
4953.300 61.891
4953.400 62.110
4953.500 62.233
4953.600 62.428
4953.700 62.651
4953.800 62.745
4953.900 62.925
4954.000 63.032
4954.100 63.237
4954.200 63.332
4954.300 63.517
4954.400 63.696
4954.500 63.793
4954.600 63.967
4954.700 64.070
4954.800 64.242
4954.900 64.416
4955.000 64.494
4955.100 64.666
4955.200 64.770
4955.300 64.948
4955.400 65.117
4955.500 65.210
4955.600 65.380
4955.700 65.467
4955.800 65.633
4955.900 65.806
4956.000 65.886
4956.100 66.054
4956.200 66.135
4956.300 66.300
4956.400 66.487
4956.500 66.551
4956.600 66.712
4956.700 66.805
4956.800 66.986
4956.900 67.136
4957.000 67.211
4957.100 67.388
4957.200 67.444
4957.300 67.624
4957.400 67.792
4957.500 67.877
4957.600 68.030
4957.700 68.117
4957.800 68.274
4957.900 68.415
4958.000 68.498
4958.100 68.658
4958.200 68.737
4958.300 68.878
4958.400 69.039
4958.500 69.117
4958.600 69.268
4958.700 69.335
4958.800 69.474
4958.900 69.637
4959.000 69.706
4959.100 69.866
4959.200 69.942
4959.300 70.085
4959.400 70.240
4959.500 70.314
4959.600 70.446
4959.700 70.520
4959.800 70.661
4959.900 70.813
4960.000 70.872
4960.100 71.011
4960.200 71.082
4960.300 71.225
4960.400 71.360
4960.500 71.418
4960.600 71.562
4960.700 71.623
4960.800 71.732
4960.900 71.859
4961.000 71.900
4961.100 72.022
4961.200 72.080
4961.300 72.166
4961.400 72.265
4961.500 72.318
4961.600 72.406
4961.700 72.442
4961.800 72.510
4961.900 72.586
4962.000 72.611
4962.100 72.675
4962.200 72.715
4962.300 72.761
4962.400 72.811
4962.500 72.837
4962.600 72.889
4962.700 72.921
4962.800 72.960
4962.900 73.000
4963.000 73.030
4963.100 73.050
4963.200 73.059
4963.300 73.130
4963.400 73.099
4963.500 73.162
4963.600 73.180
4963.700 73.172
4963.800 73.185
4963.900 73.208
4964.000 73.223
4964.100 73.239
4964.200 73.250
4964.300 73.267
4964.400 73.286
4964.500 73.288
4964.600 73.313
4964.700 73.306
4964.800 73.318
4964.900 73.331
4965.000 73.327
4965.100 73.337
4965.200 73.369
4965.300 73.356
4965.400 73.369
4965.500 73.366
4965.600 73.391
4965.700 73.384
4965.800 73.385
4965.900 73.374
4966.000 73.373
4966.100 73.389
4966.200 73.386
4966.300 73.403
4966.400 73.406
4966.500 73.404
4966.600 73.417
4966.700 73.416
4966.800 73.418
4966.900 73.407
4967.000 73.425
4967.100 73.413
4967.200 73.412
4967.300 73.411
4967.400 73.400
4967.500 73.386
4967.600 73.354
4967.700 73.365
4967.800 73.339
4967.900 73.297
4968.000 73.277
4968.100 73.184
4968.200 73.105
4968.300 72.881
4968.400 72.711
4968.500 72.094
4968.600 70.992
4968.700 70.286
4968.800 68.755
4968.900 67.940
4969.000 66.205
4969.100 64.287
4969.200 63.266
4969.300 60.820
4969.400 59.253
4969.500 56.511
4969.600 54.330
4969.700 53.432
4969.800 51.939
4969.900 51.341
4970.000 50.418
4970.100 49.888
4970.200 49.836
4970.300 49.689
4970.400 49.616
4970.500 49.956
4970.600 50.402
4970.700 50.692
4970.800 51.360
4970.900 51.771
4971.000 52.606
4971.100 53.576
4971.200 54.082
4971.300 55.142
4971.400 55.684
4971.500 56.807
4971.600 58.047
4971.700 58.640
4971.800 59.591
4971.900 60.189
4972.000 61.399
4972.100 62.288
4972.200 62.685
4972.300 63.392
4972.400 63.727
4972.500 64.339
4972.600 64.926
4972.700 65.163
4972.800 65.726
4972.900 65.974
4973.000 66.454
4973.100 66.921
4973.200 67.133
4973.300 67.548
4973.400 67.769
4973.500 68.158
4973.600 68.506
4973.700 68.703
4973.800 69.027
4973.900 69.164
4974.000 69.494
4974.100 69.783
4974.200 69.935
4974.300 70.207
4974.400 70.354
4974.500 70.610
4974.600 70.851
4974.700 70.967
4974.800 71.199
4974.900 71.292
4975.000 71.487
4975.100 71.664
4975.200 71.747
4975.300 71.925
4975.400 72.019
4975.500 72.157
4975.600 72.237
4975.700 72.300
4975.800 72.414
4975.900 72.447
4976.000 72.540
4976.100 72.618
4976.200 72.647
4976.300 72.713
4976.400 72.731
4976.500 72.800
4976.600 72.848
4976.700 72.864
4976.800 72.914
4976.900 72.924
4977.000 72.964
4977.100 72.993
4977.200 73.009
4977.300 73.043
4977.400 73.058
4977.500 73.073
4977.600 73.082
4977.700 73.114
4977.800 73.137
4977.900 73.139
4978.000 73.164
4978.100 73.161
4978.200 73.189
4978.300 73.207
4978.400 73.207
4978.500 73.233
4978.600 73.241
4978.700 73.236
4978.800 73.258
4978.900 73.255
4979.000 73.265
4979.100 73.275
4979.200 73.271
4979.300 73.283
4979.400 73.284
4979.500 73.299
4979.600 73.305
4979.700 73.311
4979.800 73.311
4979.900 73.333
4980.000 73.325
4980.100 73.332
4980.200 73.344
4980.300 73.350
4980.400 73.337
4980.500 73.349
4980.600 73.364
4980.700 73.359
4980.800 73.368
4980.900 73.372
4981.000 73.371
4981.100 73.364
4981.200 73.388
4981.300 73.376
4981.400 73.398
4981.500 73.394
4981.600 73.399
4981.700 73.411
4981.800 73.412
4981.900 73.407
4982.000 73.416
4982.100 73.418
4982.200 73.424
4982.300 73.432
4982.400 73.429
4982.500 73.435
4982.600 73.442
4982.700 73.441
4982.800 73.453
4982.900 73.456
4983.000 73.451
4983.100 73.453
4983.200 73.461
4983.300 73.482
4983.400 73.475
4983.500 73.484
4983.600 73.488
4983.700 73.490
4983.800 73.492
4983.900 73.499
4984.000 73.504
4984.100 73.515
4984.200 73.523
4984.300 73.520
4984.400 73.535
4984.500 73.537
4984.600 73.546
4984.700 73.546
4984.800 73.564
4984.900 73.553
4985.000 73.567
4985.100 73.571
4985.200 73.582
4985.300 73.587
4985.400 73.593
4985.500 73.600
4985.600 73.601
4985.700 73.615
4985.800 73.613
4985.900 73.625
4986.000 73.623
4986.100 73.636
4986.200 73.625
4986.300 73.646
4986.400 73.660
4986.500 73.652
4986.600 73.643
4986.700 73.643
4986.800 73.668
4986.900 73.679
4987.000 73.675
4987.100 73.679
4987.200 73.679
4987.300 73.687
4987.400 73.689
4987.500 73.688
4987.600 73.692
4987.700 73.691
4987.800 73.697
4987.900 73.700
4988.000 73.696
4988.100 73.696
4988.200 73.708
4988.300 73.708
4988.400 73.714
4988.500 73.711
4988.600 73.698
4988.700 73.706
4988.800 73.698
4988.900 73.694
4989.000 73.697
4989.100 73.700
4989.200 73.687
4989.300 73.684
4989.400 73.680
4989.500 73.694
4989.600 73.674
4989.700 73.673
4989.800 73.684
4989.900 73.669
4990.000 73.672
4990.100 73.682
4990.200 73.663
4990.300 73.650
4990.400 73.656
4990.500 73.664
4990.600 73.663
4990.700 73.668
4990.800 73.629
4990.900 73.666
4991.000 73.646
4991.100 73.617
4991.200 73.622
4991.300 73.656
4991.400 73.626
4991.500 73.598
4991.600 73.596
4991.700 73.634
4991.800 73.632
4991.900 73.614
4992.000 73.616
4992.100 73.624
4992.200 73.595
4992.300 73.554
4992.400 73.618
4992.500 73.539
4992.600 73.605
4992.700 73.603
4992.800 73.535
4992.900 73.538
4993.000 73.569
4993.100 73.527
4993.200 73.563
4993.300 73.546
4993.400 73.537
4993.500 73.512
4993.600 73.518
4993.700 73.528
4993.800 73.543
4993.900 73.502
4994.000 73.516
4994.100 73.505
4994.200 73.505
4994.300 73.502
4994.400 73.491
4994.500 73.477
4994.600 73.481
4994.700 73.489
4994.800 73.485
4994.900 73.445
4995.000 73.421
4995.100 73.436
4995.200 73.424
4995.300 73.423
4995.400 73.475
4995.500 73.483
4995.600 73.403
4995.700 73.442
4995.800 73.403
4995.900 73.388
4996.000 73.473
4996.100 73.409
4996.200 73.357
4996.300 73.415
4996.400 73.431
4996.500 73.365
4996.600 73.340
4996.700 73.360
4996.800 73.350
4996.900 73.322
4997.000 73.414
4997.100 73.433
4997.200 73.331
4997.300 73.425
4997.400 73.363
4997.500 73.356
4997.600 73.360
4997.700 73.302
4997.800 73.385
4997.900 73.303
4998.000 73.362
4998.100 73.364
4998.200 73.314
4998.300 73.297
4998.400 73.317
4998.500 73.319
4998.600 73.319
4998.700 73.278
4998.800 73.288
4998.900 73.271
4999.000 73.271
4999.100 73.276
4999.200 73.264
4999.300 73.253
4999.400 73.251
4999.500 73.240
4999.600 73.242
4999.700 73.223
4999.800 73.220
4999.900 73.199
5000.000 73.196
5000.100 73.201
5000.200 73.178
5000.300 73.175
5000.400 73.168
5000.500 73.139
5000.600 73.156
5000.700 73.129
5000.800 73.122
5000.900 73.117
5001.000 73.092
5001.100 73.085
5001.200 73.082
5001.300 73.057
5001.400 73.034
5001.500 73.023
5001.600 73.035
5001.700 72.989
5001.800 72.979
5001.900 72.937
5002.000 72.988
5002.100 72.968
5002.200 72.857
5002.300 72.902
5002.400 72.919
5002.500 72.884
5002.600 72.864
5002.700 72.879
5002.800 72.775
5002.900 72.792
5003.000 72.773
5003.100 72.792
5003.200 72.718
5003.300 72.696
5003.400 72.620
5003.500 72.684
5003.600 72.594
5003.700 72.550
5003.800 72.556
5003.900 72.496
5004.000 72.378
5004.100 72.426
5004.200 72.365
5004.300 72.284
5004.400 72.258
5004.500 72.233
5004.600 72.194
5004.700 72.135
5004.800 72.102
5004.900 72.054
5005.000 72.024
5005.100 71.894
5005.200 71.900
5005.300 71.795
5005.400 71.731
5005.500 71.759
5005.600 71.653
5005.700 71.582
5005.800 71.518
5005.900 71.450
5006.000 71.427
5006.100 71.341
5006.200 71.282
5006.300 71.223
5006.400 71.127
5006.500 71.088
5006.600 71.000
5006.700 70.909
5006.800 70.866
5006.900 70.789
5007.000 70.731
5007.100 70.653
5007.200 70.569
5007.300 70.505
5007.400 70.430
5007.500 70.375
5007.600 70.285
5007.700 70.229
5007.800 70.154
5007.900 70.080
5008.000 70.033
5008.100 69.914
5008.200 69.886
5008.300 69.820
5008.400 69.728
5008.500 69.682
5008.600 69.613
5008.700 69.569
5008.800 69.481
5008.900 69.412
5009.000 69.383
5009.100 69.283
5009.200 69.251
5009.300 69.167
5009.400 69.072
5009.500 69.032
5009.600 68.944
5009.700 68.900
5009.800 68.821
5009.900 68.713
5010.000 68.657
5010.100 68.574
5010.200 68.522
5010.300 68.419
5010.400 68.324
5010.500 68.271
5010.600 68.171
5010.700 68.114
5010.800 68.016
5010.900 67.913
5011.000 67.861
5011.100 67.756
5011.200 67.705
5011.300 67.595
5011.400 67.492
5011.500 67.433
5011.600 67.328
5011.700 67.276
5011.800 67.162
5011.900 67.070
5012.000 66.986
5012.100 66.885
5012.200 66.831
5012.300 66.732
5012.400 66.621
5012.500 66.574
5012.600 66.468
5012.700 66.388
5012.800 66.288
5012.900 66.165
5013.000 66.109
5013.100 66.009
5013.200 65.949
5013.300 65.827
5013.400 65.707
5013.500 65.647
5013.600 65.530
5013.700 65.483
5013.800 65.374
5013.900 65.225
5014.000 65.187
5014.100 65.079
5014.200 65.008
5014.300 64.882
5014.400 64.758
5014.500 64.719
5014.600 64.593
5014.700 64.552
5014.800 64.422
5014.900 64.286
5015.000 64.241
5015.100 64.113
5015.200 64.062
5015.300 63.930
5015.400 63.796
5015.500 63.748
5015.600 63.542
5015.700 63.550
5015.800 63.374
5015.900 63.313
5016.000 63.204
5016.100 63.097
5016.200 63.020
5016.300 62.896
5016.400 62.740
5016.500 62.659
5016.600 62.546
5016.700 62.454
5016.800 62.300
5016.900 62.188
5017.000 62.086
5017.100 61.961
5017.200 61.833
5017.300 61.704
5017.400 61.534
5017.500 61.466
5017.600 61.257
5017.700 61.158
5017.800 60.946
5017.900 60.736
5018.000 60.674
5018.100 60.439
5018.200 60.326
5018.300 60.149
5018.400 59.921
5018.500 59.829
5018.600 59.648
5018.700 59.532
5018.800 59.339
5018.900 59.141
5019.000 59.042
5019.100 58.893
5019.200 58.818
5019.300 58.673
5019.400 58.564
5019.500 58.409
5019.600 58.225
5019.700 58.120
5019.800 57.945
5019.900 57.861
5020.000 57.692
5020.100 57.500
5020.200 57.402
5020.300 57.218
5020.400 57.127
5020.500 56.948
5020.600 56.752
5020.700 56.662
5020.800 56.479
5020.900 56.364
5021.000 56.199
5021.100 56.032
5021.200 55.939
5021.300 55.749
5021.400 55.669
5021.500 55.491
5021.600 55.305
5021.700 55.212
5021.800 55.051
5021.900 54.958
5022.000 54.793
5022.100 54.612
5022.200 54.526
5022.300 54.340
5022.400 54.249
5022.500 54.099
5022.600 53.931
5022.700 53.851
5022.800 53.666
5022.900 53.574
5023.000 53.418
5023.100 53.277
5023.200 53.185
5023.300 53.028
5023.400 52.940
5023.500 52.793
5023.600 52.598
5023.700 52.514
5023.800 52.374
5023.900 52.306
5024.000 52.184
5024.100 51.987
5024.200 51.885
5024.300 51.727
5024.400 51.637
5024.500 51.500
5024.600 51.371
5024.700 51.314
5024.800 51.184
5024.900 51.106
5025.000 50.929
5025.100 50.754
5025.200 50.685
5025.300 50.526
5025.400 50.446
5025.500 50.327
5025.600 50.182
5025.700 50.108
5025.800 49.969
5025.900 49.898
5026.000 49.763
5026.100 49.629
5026.200 49.539
5026.300 49.408
5026.400 49.339
5026.500 49.201
5026.600 49.065
5026.700 48.982
5026.800 48.855
5026.900 48.772
5027.000 48.655
5027.100 48.521
5027.200 48.448
5027.300 48.313
5027.400 48.266
5027.500 48.110
5027.600 47.984
5027.700 47.918
5027.800 47.774
5027.900 47.710
5028.000 47.579
5028.100 47.447
5028.200 47.401
5028.300 47.268
5028.400 47.188
5028.500 47.071
5028.600 46.948
5028.700 46.888
5028.800 46.765
5028.900 46.708
5029.000 46.573
5029.100 46.447
5029.200 46.395
5029.300 46.261
5029.400 46.208
5029.500 46.104
5029.600 45.958
5029.700 45.903
5029.800 45.770
5029.900 45.724
5030.000 45.594
5030.100 45.510
5030.200 45.435
5030.300 45.323
5030.400 45.251
5030.500 45.158
5030.600 45.026
5030.700 44.955
5030.800 44.837
5030.900 44.778
5031.000 44.690
5031.100 44.642
5031.200 44.507
5031.300 44.418
5031.400 44.345
5031.500 44.241
5031.600 44.184
5031.700 44.024
5031.800 43.945
5031.900 43.867
5032.000 43.885
5032.100 43.746
5032.200 43.642
5032.300 43.553
5032.400 43.455
5032.500 43.343
5032.600 43.324
5032.700 43.177
5032.800 43.082
5032.900 43.059
5033.000 42.956
5033.100 42.891
5033.200 42.791
5033.300 42.703
5033.400 42.621
5033.500 42.535
5033.600 42.484
5033.700 42.379
5033.800 42.286
5033.900 42.222
5034.000 42.144
5034.100 42.088
5034.200 41.994
5034.300 41.877
5034.400 41.812
5034.500 41.710
5034.600 41.667
5034.700 41.578
5034.800 41.494
5034.900 41.467
5035.000 41.356
5035.100 41.301
5035.200 41.198
5035.300 41.100
5035.400 41.045
5035.500 40.954
5035.600 40.919
5035.700 40.826
5035.800 40.733
5035.900 40.668
5036.000 40.588
5036.100 40.551
5036.200 40.436
5036.300 40.368
5036.400 40.312
5036.500 40.209
5036.600 40.172
5036.700 40.074
5036.800 40.008
5036.900 39.961
5037.000 39.854
5037.100 39.825
5037.200 39.729
5037.300 39.641
5037.400 39.589
5037.500 39.500
5037.600 39.461
5037.700 39.381
5037.800 39.298
5037.900 39.248
5038.000 39.155
5038.100 39.103
5038.200 39.023
5038.300 38.955
5038.400 38.908
5038.500 38.821
5038.600 38.793
5038.700 38.692
5038.800 38.606
5038.900 38.560
5039.000 38.475
5039.100 38.443
5039.200 38.366
5039.300 38.276
5039.400 38.233
5039.500 38.152
5039.600 38.108
5039.700 38.033
5039.800 37.958
5039.900 37.930
5040.000 37.834
5040.100 37.814
5040.200 37.726
5040.300 37.613
5040.400 37.594
5040.500 37.532
5040.600 37.476
5040.700 37.408
5040.800 37.333
5040.900 37.272
5041.000 37.196
5041.100 37.163
5041.200 37.092
5041.300 37.005
5041.400 36.974
5041.500 36.905
5041.600 36.855
5041.700 36.809
5041.800 36.706
5041.900 36.675
5042.000 36.597
5042.100 36.565
5042.200 36.480
5042.300 36.425
5042.400 36.390
5042.500 36.314
5042.600 36.268
5042.700 36.189
5042.800 36.146
5042.900 36.101
5043.000 36.016
5043.100 35.979
5043.200 35.918
5043.300 35.869
5043.400 35.804
5043.500 35.747
5043.600 35.710
5043.700 35.646
5043.800 35.577
5043.900 35.498
5044.000 35.431
5044.100 35.396
5044.200 35.337
5044.300 35.312
5044.400 35.237
5044.500 35.177
5044.600 35.139
5044.700 35.067
5044.800 35.050
5044.900 34.969
5045.000 34.911
5045.100 34.873
5045.200 34.802
5045.300 34.768
5045.400 34.699
5045.500 34.631
5045.600 34.610
5045.700 34.543
5045.800 34.500
5045.900 34.427
5046.000 34.374
5046.100 34.345
5046.200 34.282
5046.300 34.246
5046.400 34.187
5046.500 34.120
5046.600 34.096
5046.700 34.033
5046.800 33.986
5046.900 33.917
5047.000 33.859
5047.100 33.829
5047.200 33.781
5047.300 33.747
5047.400 33.693
5047.500 33.610
5047.600 33.585
5047.700 33.530
5047.800 33.482
5047.900 33.422
5048.000 33.381
5048.100 33.359
5048.200 33.297
5048.300 33.268
5048.400 33.200
5048.500 33.143
5048.600 33.101
5048.700 33.039
5048.800 33.011
5048.900 32.945
5049.000 32.889
5049.100 32.861
5049.200 32.812
5049.300 32.784
5049.400 32.729
5049.500 32.676
5049.600 32.655
5049.700 32.611
5049.800 32.561
5049.900 32.505
5050.000 32.425
5050.100 32.403
5050.200 32.332
5050.300 32.306
5050.400 32.265
5050.500 32.202
5050.600 32.181
5050.700 32.131
5050.800 32.063
5050.900 32.038
5051.000 31.974
5051.100 31.951
5051.200 31.884
5051.300 31.866
5051.400 31.812
5051.500 31.767
5051.600 31.745
5051.700 31.669
5051.800 31.638
5051.900 31.595
5052.000 31.551
5052.100 31.514
5052.200 31.453
5052.300 31.426
5052.400 31.369
5052.500 31.325
5052.600 31.302
5052.700 31.244
5052.800 31.215
5052.900 31.166
5053.000 31.107
5053.100 31.085
5053.200 31.046
5053.300 31.021
5053.400 30.959
5053.500 30.916
5053.600 30.892
5053.700 30.832
5053.800 30.790
5053.900 30.755
5054.000 30.700
5054.100 30.689
5054.200 30.645
5054.300 30.602
5054.400 30.557
5054.500 30.506
5054.600 30.481
5054.700 30.423
5054.800 30.402
5054.900 30.350
5055.000 30.322
5055.100 30.260
5055.200 30.215
5055.300 30.206
5055.400 30.147
5055.500 30.124
5055.600 30.086
5055.700 30.030
5055.800 30.008
5055.900 29.953
5056.000 29.933
5056.100 29.876
5056.200 29.832
5056.300 29.817
5056.400 29.780
5056.500 29.746
5056.600 29.697
5056.700 29.653
5056.800 29.631
5056.900 29.572
5057.000 29.550
5057.100 29.504
5057.200 29.463
5057.300 29.436
5057.400 29.398
5057.500 29.375
5057.600 29.331
5057.700 29.268
5057.800 29.245
5057.900 29.203
5058.000 29.184
5058.100 29.137
5058.200 29.098
5058.300 29.076
5058.400 29.028
5058.500 28.992
5058.600 28.956
5058.700 28.904
5058.800 28.876
5058.900 28.844
5059.000 28.829
5059.100 28.783
5059.200 28.743
5059.300 28.725
5059.400 28.669
5059.500 28.641
5059.600 28.601
5059.700 28.547
5059.800 28.549
5059.900 28.498
5060.000 28.475
5060.100 28.420
5060.200 28.391
5060.300 28.365
5060.400 28.318
5060.500 28.300
5060.600 28.261
5060.700 28.206
5060.800 28.183
5060.900 28.140
5061.000 28.120
5061.100 28.084
5061.200 28.044
5061.300 28.023
5061.400 27.987
5061.500 27.949
5061.600 27.918
5061.700 27.882
5061.800 27.847
5061.900 27.806
5062.000 27.800
5062.100 27.730
5062.200 27.713
5062.300 27.703
5062.400 27.669
5062.500 27.658
5062.600 27.597
5062.700 27.552
5062.800 27.530
5062.900 27.483
5063.000 27.478
5063.100 27.426
5063.200 27.387
5063.300 27.378
5063.400 27.334
5063.500 27.313
5063.600 27.278
5063.700 27.232
5063.800 27.215
5063.900 27.186
5064.000 27.161
5064.100 27.127
5064.200 27.085
5064.300 27.057
5064.400 27.029
5064.500 27.001
5064.600 26.968
5064.700 26.927
5064.800 26.909
5064.900 26.871
5065.000 26.858
5065.100 26.816
5065.200 26.776
5065.300 26.762
5065.400 26.722
5065.500 26.703
5065.600 26.659
5065.700 26.631
5065.800 26.605
5065.900 26.566
5066.000 26.560
5066.100 26.517
5066.200 26.482
5066.300 26.466
5066.400 26.428
5066.500 26.415
5066.600 26.385
5066.700 26.357
5066.800 26.309
5066.900 26.271
5067.000 26.255
5067.100 26.242
5067.200 26.214
5067.300 26.165
5067.400 26.099
5067.500 26.071
5067.600 26.093
5067.700 26.085
5067.800 26.016
5067.900 26.007
5068.000 25.977
5068.100 25.933
5068.200 25.917
5068.300 25.879
5068.400 25.856
5068.500 25.837
5068.600 25.796
5068.700 25.766
5068.800 25.741
5068.900 25.717
5069.000 25.689
5069.100 25.664
5069.200 25.648
5069.300 25.613
5069.400 25.576
5069.500 25.553
5069.600 25.512
5069.700 25.506
5069.800 25.469
5069.900 25.434
5070.000 25.430
5070.100 25.396
5070.200 25.365
5070.300 25.336
5070.400 25.303
5070.500 25.281
5070.600 25.259
5070.700 25.230
5070.800 25.208
5070.900 25.162
5071.000 25.148
5071.100 25.120
5071.200 25.114
5071.300 25.077
5071.400 25.036
5071.500 25.033
5071.600 25.003
5071.700 24.972
5071.800 24.948
5071.900 24.912
5072.000 24.899
5072.100 24.860
5072.200 24.856
5072.300 24.810
5072.400 24.773
5072.500 24.760
5072.600 24.742
5072.700 24.718
5072.800 24.680
5072.900 24.667
5073.000 24.633
5073.100 24.605
5073.200 24.596
5073.300 24.558
5073.400 24.543
5073.500 24.507
5073.600 24.487
5073.700 24.470
5073.800 24.433
5073.900 24.416
5074.000 24.390
5074.100 24.366
5074.200 24.341
5074.300 24.306
5074.400 24.290
5074.500 24.272
5074.600 24.236
5074.700 24.223
5074.800 24.186
5074.900 24.172
5075.000 24.148
5075.100 24.123
5075.200 24.098
5075.300 24.067
5075.400 24.075
5075.500 24.023
5075.600 24.006
5075.700 23.942
5075.800 23.927
5075.900 23.937
5076.000 23.893
5076.100 23.890
5076.200 23.880
5076.300 23.834
5076.400 23.825
5076.500 23.778
5076.600 23.751
5076.700 23.738
5076.800 23.713
5076.900 23.712
5077.000 23.684
5077.100 23.633
5077.200 23.627
5077.300 23.599
5077.400 23.579
5077.500 23.569
5077.600 23.525
5077.700 23.526
5077.800 23.452
5077.900 23.472
5078.000 23.455
5078.100 23.411
5078.200 23.390
5078.300 23.368
5078.400 23.363
5078.500 23.333
5078.600 23.295
5078.700 23.283
5078.800 23.254
5078.900 23.238
5079.000 23.214
5079.100 23.189
5079.200 23.175
5079.300 23.153
5079.400 23.138
5079.500 23.112
5079.600 23.087
5079.700 23.072
5079.800 23.033
5079.900 23.018
5080.000 22.997
5080.100 22.985
5080.200 22.967
5080.300 22.944
5080.400 22.919
5080.500 22.888
5080.600 22.865
5080.700 22.858
5080.800 22.820
5080.900 22.806
5081.000 22.793
5081.100 22.769
5081.200 22.745
5081.300 22.715
5081.400 22.712
5081.500 22.677
5081.600 22.653
5081.700 22.646
5081.800 22.611
5081.900 22.611
5082.000 22.570
5082.100 22.552
5082.200 22.540
5082.300 22.507
5082.400 22.500
5082.500 22.473
5082.600 22.450
5082.700 22.437
5082.800 22.405
5082.900 22.400
5083.000 22.369
5083.100 22.352
5083.200 22.327
5083.300 22.293
5083.400 22.278
5083.500 22.260
5083.600 22.240
5083.700 22.233
5083.800 22.222
5083.900 22.207
5084.000 22.159
5084.100 22.138
5084.200 22.119
5084.300 22.088
5084.400 22.092
5084.500 22.067
5084.600 22.052
5084.700 22.029
5084.800 22.005
5084.900 21.995
5085.000 21.968
5085.100 21.949
5085.200 21.923
5085.300 21.906
5085.400 21.895
5085.500 21.877
5085.600 21.859
5085.700 21.832
5085.800 21.803
5085.900 21.796
5086.000 21.774
5086.100 21.754
5086.200 21.732
5086.300 21.722
5086.400 21.713
5086.500 21.670
5086.600 21.663
5086.700 21.647
5086.800 21.623
5086.900 21.604
5087.000 21.579
5087.100 21.564
5087.200 21.554
5087.300 21.523
5087.400 21.513
5087.500 21.496
5087.600 21.480
5087.700 21.462
5087.800 21.425
5087.900 21.421
5088.000 21.394
5088.100 21.374
5088.200 21.360
5088.300 21.345
5088.400 21.329
5088.500 21.306
5088.600 21.282
5088.700 21.277
5088.800 21.251
5088.900 21.242
5089.000 21.218
5089.100 21.215
5089.200 21.187
5089.300 21.159
5089.400 21.143
5089.500 21.125
5089.600 21.111
5089.700 21.088
5089.800 21.077
5089.900 21.055
5090.000 21.032
5090.100 21.023
5090.200 21.006
5090.300 20.987
5090.400 20.977
5090.500 20.947
5090.600 20.944
5090.700 20.912
5090.800 20.884
5090.900 20.875
5091.000 20.853
5091.100 20.844
5091.200 20.817
5091.300 20.801
5091.400 20.795
5091.500 20.774
5091.600 20.756
5091.700 20.734
5091.800 20.708
5091.900 20.706
5092.000 20.688
5092.100 20.675
5092.200 20.642
5092.300 20.634
5092.400 20.621
5092.500 20.592
5092.600 20.588
5092.700 20.572
5092.800 20.538
5092.900 20.531
5093.000 20.513
5093.100 20.505
5093.200 20.468
5093.300 20.460
5093.400 20.452
5093.500 20.429
5093.600 20.413
5093.700 20.399
5093.800 20.375
5093.900 20.364
5094.000 20.348
5094.100 20.336
5094.200 20.311
5094.300 20.292
5094.400 20.289
5094.500 20.261
5094.600 20.242
5094.700 20.236
5094.800 20.224
5094.900 20.219
5095.000 20.188
5095.100 20.198
5095.200 20.145
5095.300 20.132
5095.400 20.140
5095.500 20.099
5095.600 20.104
5095.700 20.080
5095.800 20.038
5095.900 20.039
5096.000 20.021
5096.100 20.016
5096.200 20.001
5096.300 19.969
5096.400 19.971
5096.500 19.946
5096.600 19.923
5096.700 19.910
5096.800 19.903
5096.900 19.888
5097.000 19.923
5097.100 19.882
5097.200 19.821
5097.300 19.834
5097.400 19.801
5097.500 19.780
5097.600 19.776
5097.700 19.760
5097.800 19.744
5097.900 19.726
5098.000 19.712
5098.100 19.704
5098.200 19.682
5098.300 19.680
5098.400 19.657
5098.500 19.629
5098.600 19.619
5098.700 19.607
5098.800 19.600
5098.900 19.573
5099.000 19.561
5099.100 19.549
5099.200 19.529
5099.300 19.520
5099.400 19.497
5099.500 19.492
5099.600 19.479
5099.700 19.452
5099.800 19.453
5099.900 19.424
5100.000 19.407
